-1116.472	0
-1116.064	0
-1115.657	0
-1115.25	0
-1114.843	0
-1114.436	0
-1114.029	0
-1113.621	0
-1113.214	0
-1112.807	0
-1112.4	0
-1111.993	0
-1111.586	0
-1111.178	0
-1110.771	0
-1110.364	0
-1109.957	0
-1109.55	0
-1109.143	0
-1108.735	0
-1108.328	0
-1107.921	0
-1107.514	0
-1107.107	0
-1106.699	0
-1106.292	0
-1105.885	0
-1105.478	0
-1105.071	0
-1104.664	0
-1104.256	0
-1103.849	0
-1103.442	0
-1103.035	0
-1102.628	0
-1102.221	0
-1101.813	0
-1101.406	0
-1100.999	0
-1100.592	0
-1100.185	0
-1099.778	0
-1099.37	0
-1098.963	0
-1098.556	0
-1098.149	0
-1097.742	0
-1097.334	0
-1096.927	0
-1096.52	0
-1096.113	0
-1095.706	0
-1095.299	0
-1094.891	0
-1094.484	0
-1094.077	0
-1093.67	0
-1093.263	0
-1092.856	0
-1092.448	0
-1092.041	0
-1091.634	0
-1091.227	0
-1090.82	0
-1090.412	0
-1090.005	0
-1089.598	0
-1089.191	0
-1088.784	0
-1088.377	0
-1087.969	0
-1087.562	0
-1087.155	0
-1086.748	0
-1086.341	0
-1085.934	0
-1085.526	0
-1085.119	0
-1084.712	0
-1084.305	0
-1083.898	0
-1083.491	0
-1083.083	0
-1082.676	0
-1082.269	0
-1081.862	0
-1081.455	0
-1081.047	0
-1080.64	0
-1080.233	0
-1079.826	0
-1079.419	0
-1079.012	0
-1078.604	0
-1078.197	0
-1077.79	0
-1077.383	0
-1076.976	0
-1076.569	0
-1076.161	0
-1075.754	0
-1075.347	0
-1074.94	0
-1074.533	0
-1074.126	0
-1073.718	0
-1073.311	0
-1072.904	0
-1072.497	0
-1072.09	0
-1071.682	0
-1071.275	0
-1070.868	0
-1070.461	0
-1070.054	0
-1069.647	0
-1069.239	0
-1068.832	0
-1068.425	0
-1068.018	0
-1067.611	0
-1067.204	0
-1066.796	0
-1066.389	0
-1065.982	0
-1065.575	0
-1065.168	0
-1064.761	0
-1064.353	0
-1063.946	0
-1063.539	0
-1063.132	0
-1062.725	0
-1062.317	0
-1061.91	0
-1061.503	0
-1061.096	0
-1060.689	0
-1060.282	0
-1059.874	0
-1059.467	0
-1059.06	0
-1058.653	0
-1058.246	0
-1057.839	0
-1057.431	0
-1057.024	0
-1056.617	0
-1056.21	0
-1055.803	0
-1055.396	0
-1054.988	0
-1054.581	0
-1054.174	0
-1053.767	0
-1053.36	0
-1052.952	0
-1052.545	0
-1052.138	1.67849E-4
-1051.731	2.28885E-4
-1051.324	2.59403E-4
-1050.917	1.5259E-4
-1050.509	1.98367E-4
-1050.102	1.37331E-4
-1049.695	1.98367E-4
-1049.288	1.37331E-4
-1048.881	1.67849E-4
-1048.474	9.15541E-5
-1048.066	7.62951E-5
-1047.659	1.83108E-4
-1047.252	1.67849E-4
-1046.845	1.37331E-4
-1046.438	1.37331E-4
-1046.031	3.50958E-4
-1045.623	1.98367E-4
-1045.216	1.83108E-4
-1044.809	2.74662E-4
-1044.402	2.13626E-4
-1043.995	1.67849E-4
-1043.587	9.15541E-5
-1043.18	2.13626E-4
-1042.773	2.28885E-4
-1042.366	1.83108E-4
-1041.959	2.28885E-4
-1041.552	1.5259E-4
-1041.144	1.98367E-4
-1040.737	2.28885E-4
-1040.33	2.44144E-4
-1039.923	2.28885E-4
-1039.516	2.13626E-4
-1039.109	1.22072E-4
-1038.701	1.83108E-4
-1038.294	1.06813E-4
-1037.887	1.22072E-4
-1037.48	1.67849E-4
-1037.073	1.67849E-4
-1036.665	2.44144E-4
-1036.258	2.13626E-4
-1035.851	1.22072E-4
-1035.444	1.67849E-4
-1035.037	1.67849E-4
-1034.63	2.13626E-4
-1034.222	1.5259E-4
-1033.815	1.83108E-4
-1033.408	1.98367E-4
-1033.001	1.67849E-4
-1032.594	1.37331E-4
-1032.187	2.74662E-4
-1031.779	1.83108E-4
-1031.372	1.37331E-4
-1030.965	1.67849E-4
-1030.558	2.74662E-4
-1030.151	2.13626E-4
-1029.744	1.98367E-4
-1029.336	1.5259E-4
-1028.929	3.0518E-4
-1028.522	1.5259E-4
-1028.115	2.13626E-4
-1027.708	1.37331E-4
-1027.3	2.44144E-4
-1026.893	1.83108E-4
-1026.486	1.5259E-4
-1026.079	2.28885E-4
-1025.672	1.22072E-4
-1025.265	1.37331E-4
-1024.857	1.98367E-4
-1024.45	2.59403E-4
-1024.043	2.28885E-4
-1023.636	7.62951E-5
-1023.229	2.28885E-4
-1022.822	1.5259E-4
-1022.414	1.5259E-4
-1022.007	1.83108E-4
-1021.6	1.98367E-4
-1021.193	2.13626E-4
-1020.786	1.22072E-4
-1020.379	2.28885E-4
-1019.971	1.06813E-4
-1019.564	1.5259E-4
-1019.157	2.44144E-4
-1018.75	2.28885E-4
-1018.343	3.20439E-4
-1017.935	1.37331E-4
-1017.528	1.5259E-4
-1017.121	2.13626E-4
-1016.714	2.44144E-4
-1016.307	1.98367E-4
-1015.9	1.37331E-4
-1015.492	1.37331E-4
-1015.085	7.62951E-5
-1014.678	2.44144E-4
-1014.271	1.98367E-4
-1013.864	1.67849E-4
-1013.457	1.83108E-4
-1013.049	9.15541E-5
-1012.642	2.89921E-4
-1012.235	1.06813E-4
-1011.828	1.5259E-4
-1011.421	1.5259E-4
-1011.014	1.83108E-4
-1010.606	1.37331E-4
-1010.199	1.37331E-4
-1009.792	1.37331E-4
-1009.385	2.28885E-4
-1008.978	2.44144E-4
-1008.57	2.44144E-4
-1008.163	2.13626E-4
-1007.756	2.59403E-4
-1007.349	1.98367E-4
-1006.942	1.83108E-4
-1006.535	2.44144E-4
-1006.127	2.44144E-4
-1005.72	2.13626E-4
-1005.313	7.62951E-5
-1004.906	1.67849E-4
-1004.499	2.13626E-4
-1004.092	1.67849E-4
-1003.684	2.44144E-4
-1003.277	1.06813E-4
-1002.87	1.5259E-4
-1002.463	1.06813E-4
-1002.056	1.83108E-4
-1001.649	2.59403E-4
-1001.241	1.83108E-4
-1000.834	1.5259E-4
-1000.427	1.5259E-4
-1000.02	1.06813E-4
-999.613	1.37331E-4
-999.205	1.22072E-4
-998.798	1.06813E-4
-998.391	1.67849E-4
-997.984	1.37331E-4
-997.577	1.83108E-4
-997.17	1.67849E-4
-996.762	1.22072E-4
-996.355	1.37331E-4
-995.948	1.37331E-4
-995.541	1.37331E-4
-995.134	2.13626E-4
-994.727	2.28885E-4
-994.319	2.89921E-4
-993.912	1.67849E-4
-993.505	1.83108E-4
-993.098	1.83108E-4
-992.691	1.22072E-4
-992.284	1.37331E-4
-991.876	1.67849E-4
-991.469	1.5259E-4
-991.062	3.0518E-4
-990.655	1.37331E-4
-990.248	1.5259E-4
-989.84	2.44144E-4
-989.433	2.28885E-4
-989.026	1.83108E-4
-988.619	1.67849E-4
-988.212	2.74662E-4
-987.805	2.28885E-4
-987.397	1.37331E-4
-986.99	6.10361E-5
-986.583	2.13626E-4
-986.176	1.22072E-4
-985.769	1.37331E-4
-985.362	2.28885E-4
-984.954	2.28885E-4
-984.547	1.67849E-4
-984.14	2.89921E-4
-983.733	2.28885E-4
-983.326	1.5259E-4
-982.918	1.67849E-4
-982.511	1.37331E-4
-982.104	2.44144E-4
-981.697	1.22072E-4
-981.29	2.13626E-4
-980.883	2.44144E-4
-980.475	1.83108E-4
-980.068	1.98367E-4
-979.661	1.83108E-4
-979.254	1.37331E-4
-978.847	2.13626E-4
-978.44	1.5259E-4
-978.032	7.62951E-5
-977.625	1.67849E-4
-977.218	2.74662E-4
-976.811	2.74662E-4
-976.404	2.13626E-4
-975.997	2.13626E-4
-975.589	2.28885E-4
-975.182	2.28885E-4
-974.775	1.67849E-4
-974.368	2.13626E-4
-973.961	1.83108E-4
-973.553	1.98367E-4
-973.146	1.67849E-4
-972.739	2.89921E-4
-972.332	1.98367E-4
-971.925	1.98367E-4
-971.518	2.44144E-4
-971.11	1.83108E-4
-970.703	9.15541E-5
-970.296	9.15541E-5
-969.889	3.0518E-4
-969.482	1.06813E-4
-969.075	1.98367E-4
-968.667	1.83108E-4
-968.26	2.59403E-4
-967.853	1.5259E-4
-967.446	9.15541E-5
-967.039	1.06813E-4
-966.632	2.44144E-4
-966.224	1.5259E-4
-965.817	3.35698E-4
-965.41	1.5259E-4
-965.003	1.67849E-4
-964.596	2.28885E-4
-964.188	1.83108E-4
-963.781	2.13626E-4
-963.374	1.83108E-4
-962.967	3.35698E-4
-962.56	1.06813E-4
-962.153	1.67849E-4
-961.745	1.83108E-4
-961.338	1.83108E-4
-960.931	1.22072E-4
-960.524	2.59403E-4
-960.117	1.22072E-4
-959.71	2.13626E-4
-959.302	1.83108E-4
-958.895	2.44144E-4
-958.488	2.13626E-4
-958.081	1.83108E-4
-957.674	1.67849E-4
-957.267	1.37331E-4
-956.859	1.98367E-4
-956.452	2.13626E-4
-956.045	6.10361E-5
-955.638	2.13626E-4
-955.231	2.44144E-4
-954.823	2.44144E-4
-954.416	1.67849E-4
-954.009	1.5259E-4
-953.602	1.83108E-4
-953.195	3.20439E-4
-952.788	2.13626E-4
-952.38	2.28885E-4
-951.973	1.37331E-4
-951.566	1.83108E-4
-951.159	1.5259E-4
-950.752	2.74662E-4
-950.345	3.0518E-4
-949.937	2.44144E-4
-949.53	1.5259E-4
-949.123	1.22072E-4
-948.716	1.22072E-4
-948.309	2.74662E-4
-947.902	2.13626E-4
-947.494	1.5259E-4
-947.087	2.59403E-4
-946.68	1.98367E-4
-946.273	1.22072E-4
-945.866	1.37331E-4
-945.458	6.10361E-5
-945.051	1.37331E-4
-944.644	1.37331E-4
-944.237	1.98367E-4
-943.83	1.67849E-4
-943.423	2.28885E-4
-943.015	1.67849E-4
-942.608	2.28885E-4
-942.201	2.74662E-4
-941.794	2.44144E-4
-941.387	1.06813E-4
-940.98	1.98367E-4
-940.572	2.13626E-4
-940.165	1.98367E-4
-939.758	1.67849E-4
-939.351	1.37331E-4
-938.944	1.98367E-4
-938.536	1.67849E-4
-938.129	1.37331E-4
-937.722	1.67849E-4
-937.315	1.83108E-4
-936.908	1.83108E-4
-936.501	1.37331E-4
-936.093	2.59403E-4
-935.686	1.22072E-4
-935.279	2.44144E-4
-934.872	2.28885E-4
-934.465	2.44144E-4
-934.058	1.98367E-4
-933.65	1.83108E-4
-933.243	1.83108E-4
-932.836	2.28885E-4
-932.429	2.28885E-4
-932.022	1.83108E-4
-931.615	3.20439E-4
-931.207	1.67849E-4
-930.8	1.83108E-4
-930.393	1.5259E-4
-929.986	1.83108E-4
-929.579	1.22072E-4
-929.171	1.83108E-4
-928.764	1.37331E-4
-928.357	2.89921E-4
-927.95	1.67849E-4
-927.543	1.22072E-4
-927.136	1.83108E-4
-926.728	2.13626E-4
-926.321	1.67849E-4
-925.914	2.28885E-4
-925.507	1.98367E-4
-925.1	1.98367E-4
-924.693	2.28885E-4
-924.285	2.44144E-4
-923.878	9.15541E-5
-923.471	3.0518E-4
-923.064	1.83108E-4
-922.657	1.37331E-4
-922.25	1.83108E-4
-921.842	1.98367E-4
-921.435	2.13626E-4
-921.028	2.13626E-4
-920.621	1.67849E-4
-920.214	9.15541E-5
-919.806	1.98367E-4
-919.399	1.5259E-4
-918.992	1.37331E-4
-918.585	2.74662E-4
-918.178	1.67849E-4
-917.771	1.5259E-4
-917.363	1.67849E-4
-916.956	1.5259E-4
-916.549	1.98367E-4
-916.142	1.22072E-4
-915.735	1.67849E-4
-915.328	1.22072E-4
-914.92	1.22072E-4
-914.513	2.44144E-4
-914.106	2.59403E-4
-913.699	2.28885E-4
-913.292	1.5259E-4
-912.885	1.67849E-4
-912.477	1.22072E-4
-912.07	1.67849E-4
-911.663	1.37331E-4
-911.256	2.74662E-4
-910.849	1.98367E-4
-910.441	2.44144E-4
-910.034	1.98367E-4
-909.627	2.44144E-4
-909.22	1.22072E-4
-908.813	1.37331E-4
-908.406	1.5259E-4
-907.998	1.5259E-4
-907.591	1.83108E-4
-907.184	1.37331E-4
-906.777	1.67849E-4
-906.37	1.83108E-4
-905.963	2.13626E-4
-905.555	1.83108E-4
-905.148	2.44144E-4
-904.741	3.20439E-4
-904.334	2.44144E-4
-903.927	2.44144E-4
-903.52	2.28885E-4
-903.112	1.06813E-4
-902.705	1.37331E-4
-902.298	2.44144E-4
-901.891	1.83108E-4
-901.484	1.83108E-4
-901.076	1.83108E-4
-900.669	3.0518E-4
-900.262	1.83108E-4
-899.855	2.28885E-4
-899.448	2.13626E-4
-899.041	1.83108E-4
-898.633	1.67849E-4
-898.226	1.5259E-4
-897.819	1.5259E-4
-897.412	1.5259E-4
-897.005	2.74662E-4
-896.598	2.89921E-4
-896.19	2.13626E-4
-895.783	2.59403E-4
-895.376	1.06813E-4
-894.969	1.83108E-4
-894.562	1.22072E-4
-894.155	1.67849E-4
-893.747	1.67849E-4
-893.34	3.0518E-4
-892.933	2.28885E-4
-892.526	2.44144E-4
-892.119	1.83108E-4
-891.711	1.37331E-4
-891.304	1.06813E-4
-890.897	2.13626E-4
-890.49	2.13626E-4
-890.083	1.22072E-4
-889.676	2.13626E-4
-889.268	1.22072E-4
-888.861	1.22072E-4
-888.454	1.37331E-4
-888.047	1.98367E-4
-887.64	1.67849E-4
-887.233	1.22072E-4
-886.825	1.67849E-4
-886.418	3.0518E-4
-886.011	1.83108E-4
-885.604	1.83108E-4
-885.197	1.06813E-4
-884.789	1.83108E-4
-884.382	1.98367E-4
-883.975	2.13626E-4
-883.568	2.74662E-4
-883.161	2.74662E-4
-882.754	2.13626E-4
-882.346	1.22072E-4
-881.939	1.67849E-4
-881.532	1.98367E-4
-881.125	1.83108E-4
-880.718	1.5259E-4
-880.311	1.22072E-4
-879.903	2.44144E-4
-879.496	1.83108E-4
-879.089	1.37331E-4
-878.682	1.98367E-4
-878.275	1.67849E-4
-877.868	2.44144E-4
-877.46	1.67849E-4
-877.053	1.83108E-4
-876.646	1.83108E-4
-876.239	1.37331E-4
-875.832	1.83108E-4
-875.424	1.67849E-4
-875.017	2.28885E-4
-874.61	2.28885E-4
-874.203	1.37331E-4
-873.796	1.83108E-4
-873.389	1.67849E-4
-872.981	1.22072E-4
-872.574	1.67849E-4
-872.167	1.83108E-4
-871.76	2.44144E-4
-871.353	2.59403E-4
-870.946	1.37331E-4
-870.538	1.67849E-4
-870.131	2.28885E-4
-869.724	1.5259E-4
-869.317	1.22072E-4
-868.91	2.59403E-4
-868.503	1.67849E-4
-868.095	1.37331E-4
-867.688	1.22072E-4
-867.281	1.67849E-4
-866.874	2.44144E-4
-866.467	1.5259E-4
-866.059	2.13626E-4
-865.652	1.37331E-4
-865.245	1.83108E-4
-864.838	1.06813E-4
-864.431	1.5259E-4
-864.024	2.13626E-4
-863.616	2.13626E-4
-863.209	1.37331E-4
-862.802	1.67849E-4
-862.395	7.62951E-5
-861.988	1.22072E-4
-861.581	2.59403E-4
-861.173	1.83108E-4
-860.766	7.62951E-5
-860.359	1.5259E-4
-859.952	1.06813E-4
-859.545	1.83108E-4
-859.138	1.22072E-4
-858.73	1.98367E-4
-858.323	1.98367E-4
-857.916	1.67849E-4
-857.509	1.22072E-4
-857.102	2.74662E-4
-856.694	1.98367E-4
-856.287	1.83108E-4
-855.88	1.98367E-4
-855.473	2.13626E-4
-855.066	1.67849E-4
-854.659	1.5259E-4
-854.251	1.98367E-4
-853.844	1.98367E-4
-853.437	1.83108E-4
-853.03	1.98367E-4
-852.623	2.13626E-4
-852.216	1.83108E-4
-851.808	1.67849E-4
-851.401	2.13626E-4
-850.994	1.37331E-4
-850.587	1.83108E-4
-850.18	2.13626E-4
-849.773	1.83108E-4
-849.365	1.98367E-4
-848.958	1.98367E-4
-848.551	1.22072E-4
-848.144	1.67849E-4
-847.737	2.59403E-4
-847.329	2.13626E-4
-846.922	1.67849E-4
-846.515	2.13626E-4
-846.108	1.37331E-4
-845.701	2.13626E-4
-845.294	1.06813E-4
-844.886	2.44144E-4
-844.479	2.13626E-4
-844.072	1.22072E-4
-843.665	1.67849E-4
-843.258	1.98367E-4
-842.851	1.98367E-4
-842.443	1.5259E-4
-842.036	1.37331E-4
-841.629	1.37331E-4
-841.222	1.67849E-4
-840.815	2.13626E-4
-840.407	1.22072E-4
-840	1.37331E-4
-839.593	2.59403E-4
-839.186	2.28885E-4
-838.779	1.83108E-4
-838.372	1.37331E-4
-837.964	2.13626E-4
-837.557	2.28885E-4
-837.15	1.83108E-4
-836.743	2.28885E-4
-836.336	1.5259E-4
-835.929	1.67849E-4
-835.521	2.13626E-4
-835.114	1.67849E-4
-834.707	1.5259E-4
-834.3	1.67849E-4
-833.893	2.59403E-4
-833.486	1.37331E-4
-833.078	2.59403E-4
-832.671	1.83108E-4
-832.264	1.37331E-4
-831.857	1.67849E-4
-831.45	3.20439E-4
-831.042	1.83108E-4
-830.635	2.13626E-4
-830.228	1.5259E-4
-829.821	1.37331E-4
-829.414	1.67849E-4
-829.007	2.28885E-4
-828.599	1.5259E-4
-828.192	1.83108E-4
-827.785	2.59403E-4
-827.378	1.83108E-4
-826.971	2.13626E-4
-826.564	1.5259E-4
-826.156	2.28885E-4
-825.749	1.83108E-4
-825.342	1.98367E-4
-824.935	1.5259E-4
-824.528	1.22072E-4
-824.121	1.83108E-4
-823.713	1.98367E-4
-823.306	1.5259E-4
-822.899	7.62951E-5
-822.492	2.28885E-4
-822.085	1.22072E-4
-821.677	1.67849E-4
-821.27	2.13626E-4
-820.863	1.83108E-4
-820.456	1.37331E-4
-820.049	2.28885E-4
-819.642	2.13626E-4
-819.234	2.44144E-4
-818.827	1.83108E-4
-818.42	1.98367E-4
-818.013	2.59403E-4
-817.606	1.83108E-4
-817.199	1.98367E-4
-816.791	1.83108E-4
-816.384	2.89921E-4
-815.977	2.59403E-4
-815.57	6.10361E-5
-815.163	2.89921E-4
-814.756	1.98367E-4
-814.348	1.5259E-4
-813.941	1.37331E-4
-813.534	1.98367E-4
-813.127	2.13626E-4
-812.72	1.98367E-4
-812.312	1.83108E-4
-811.905	1.98367E-4
-811.498	2.74662E-4
-811.091	2.59403E-4
-810.684	1.37331E-4
-810.277	1.67849E-4
-809.869	1.67849E-4
-809.462	1.5259E-4
-809.055	1.22072E-4
-808.648	1.67849E-4
-808.241	1.5259E-4
-807.834	1.22072E-4
-807.426	2.44144E-4
-807.019	1.83108E-4
-806.612	2.59403E-4
-806.205	1.06813E-4
-805.798	1.22072E-4
-805.391	1.06813E-4
-804.983	2.59403E-4
-804.576	3.0518E-4
-804.169	1.37331E-4
-803.762	2.89921E-4
-803.355	2.13626E-4
-802.947	2.44144E-4
-802.54	2.13626E-4
-802.133	1.83108E-4
-801.726	1.67849E-4
-801.319	1.67849E-4
-800.912	9.15541E-5
-800.504	1.98367E-4
-800.097	1.5259E-4
-799.69	1.37331E-4
-799.283	1.5259E-4
-798.876	1.22072E-4
-798.469	1.67849E-4
-798.061	1.5259E-4
-797.654	1.06813E-4
-797.247	1.83108E-4
-796.84	1.5259E-4
-796.433	1.83108E-4
-796.026	2.74662E-4
-795.618	1.67849E-4
-795.211	1.98367E-4
-794.804	1.5259E-4
-794.397	2.44144E-4
-793.99	2.13626E-4
-793.582	2.13626E-4
-793.175	1.98367E-4
-792.768	1.22072E-4
-792.361	1.5259E-4
-791.954	2.13626E-4
-791.547	1.67849E-4
-791.139	1.67849E-4
-790.732	2.59403E-4
-790.325	1.5259E-4
-789.918	2.13626E-4
-789.511	1.83108E-4
-789.104	2.44144E-4
-788.696	3.0518E-4
-788.289	2.44144E-4
-787.882	2.44144E-4
-787.475	1.37331E-4
-787.068	2.13626E-4
-786.66	2.13626E-4
-786.253	2.28885E-4
-785.846	2.13626E-4
-785.439	1.83108E-4
-785.032	1.98367E-4
-784.625	1.98367E-4
-784.217	1.67849E-4
-783.81	1.67849E-4
-783.403	1.98367E-4
-782.996	1.06813E-4
-782.589	1.67849E-4
-782.182	1.37331E-4
-781.774	3.20439E-4
-781.367	1.67849E-4
-780.96	1.37331E-4
-780.553	1.83108E-4
-780.146	1.06813E-4
-779.739	1.67849E-4
-779.331	1.67849E-4
-778.924	2.13626E-4
-778.517	1.83108E-4
-778.11	9.15541E-5
-777.703	1.98367E-4
-777.295	9.15541E-5
-776.888	1.5259E-4
-776.481	1.67849E-4
-776.074	1.98367E-4
-775.667	1.98367E-4
-775.26	1.83108E-4
-774.852	2.28885E-4
-774.445	1.83108E-4
-774.038	1.37331E-4
-773.631	1.98367E-4
-773.224	1.67849E-4
-772.817	3.20439E-4
-772.409	1.22072E-4
-772.002	2.59403E-4
-771.595	1.06813E-4
-771.188	2.28885E-4
-770.781	9.15541E-5
-770.374	3.20439E-4
-769.966	1.5259E-4
-769.559	1.67849E-4
-769.152	1.5259E-4
-768.745	1.67849E-4
-768.338	1.37331E-4
-767.93	2.89921E-4
-767.523	2.28885E-4
-767.116	1.83108E-4
-766.709	1.98367E-4
-766.302	1.22072E-4
-765.895	1.67849E-4
-765.487	2.44144E-4
-765.08	2.89921E-4
-764.673	2.44144E-4
-764.266	1.83108E-4
-763.859	1.83108E-4
-763.452	1.83108E-4
-763.044	1.06813E-4
-762.637	1.67849E-4
-762.23	1.98367E-4
-761.823	1.98367E-4
-761.416	1.5259E-4
-761.009	1.67849E-4
-760.601	1.67849E-4
-760.194	1.5259E-4
-759.787	1.67849E-4
-759.38	2.28885E-4
-758.973	2.13626E-4
-758.565	1.22072E-4
-758.158	1.06813E-4
-757.751	2.74662E-4
-757.344	2.13626E-4
-756.937	1.98367E-4
-756.53	1.22072E-4
-756.122	1.5259E-4
-755.715	2.13626E-4
-755.308	1.5259E-4
-754.901	1.83108E-4
-754.494	1.5259E-4
-754.087	1.98367E-4
-753.679	2.13626E-4
-753.272	1.83108E-4
-752.865	1.83108E-4
-752.458	1.67849E-4
-752.051	2.44144E-4
-751.644	1.37331E-4
-751.236	1.67849E-4
-750.829	3.0518E-4
-750.422	9.15541E-5
-750.015	2.13626E-4
-749.608	2.59403E-4
-749.2	1.98367E-4
-748.793	2.44144E-4
-748.386	1.37331E-4
-747.979	1.67849E-4
-747.572	1.37331E-4
-747.165	1.37331E-4
-746.757	1.83108E-4
-746.35	1.5259E-4
-745.943	1.06813E-4
-745.536	6.10361E-5
-745.129	1.37331E-4
-744.722	1.37331E-4
-744.314	1.22072E-4
-743.907	1.83108E-4
-743.5	1.67849E-4
-743.093	1.67849E-4
-742.686	1.83108E-4
-742.279	1.98367E-4
-741.871	1.37331E-4
-741.464	3.0518E-4
-741.057	1.37331E-4
-740.65	1.06813E-4
-740.243	2.89921E-4
-739.835	1.37331E-4
-739.428	1.5259E-4
-739.021	1.67849E-4
-738.614	2.28885E-4
-738.207	1.22072E-4
-737.8	1.83108E-4
-737.392	1.22072E-4
-736.985	1.5259E-4
-736.578	1.67849E-4
-736.171	1.06813E-4
-735.764	2.28885E-4
-735.357	2.59403E-4
-734.949	1.83108E-4
-734.542	1.06813E-4
-734.135	2.89921E-4
-733.728	1.37331E-4
-733.321	1.98367E-4
-732.913	1.22072E-4
-732.506	1.98367E-4
-732.099	1.37331E-4
-731.692	1.06813E-4
-731.285	2.13626E-4
-730.878	1.83108E-4
-730.47	1.83108E-4
-730.063	1.67849E-4
-729.656	1.98367E-4
-729.249	2.44144E-4
-728.842	1.98367E-4
-728.435	1.5259E-4
-728.027	2.13626E-4
-727.62	2.89921E-4
-727.213	1.83108E-4
-726.806	2.59403E-4
-726.399	1.5259E-4
-725.992	2.28885E-4
-725.584	1.83108E-4
-725.177	1.22072E-4
-724.77	1.98367E-4
-724.363	1.37331E-4
-723.956	1.67849E-4
-723.548	1.5259E-4
-723.141	1.5259E-4
-722.734	1.67849E-4
-722.327	2.59403E-4
-721.92	2.59403E-4
-721.513	2.13626E-4
-721.105	1.37331E-4
-720.698	1.83108E-4
-720.291	1.98367E-4
-719.884	2.44144E-4
-719.477	1.83108E-4
-719.07	1.98367E-4
-718.662	2.28885E-4
-718.255	1.67849E-4
-717.848	1.5259E-4
-717.441	3.0518E-4
-717.034	2.59403E-4
-716.627	2.74662E-4
-716.219	2.28885E-4
-715.812	2.89921E-4
-715.405	1.83108E-4
-714.998	1.98367E-4
-714.591	2.59403E-4
-714.183	2.13626E-4
-713.776	2.28885E-4
-713.369	1.5259E-4
-712.962	1.5259E-4
-712.555	2.28885E-4
-712.148	2.44144E-4
-711.74	1.67849E-4
-711.333	2.28885E-4
-710.926	2.28885E-4
-710.519	1.83108E-4
-710.112	2.44144E-4
-709.705	1.5259E-4
-709.297	2.44144E-4
-708.89	1.37331E-4
-708.483	1.5259E-4
-708.076	1.06813E-4
-707.669	2.13626E-4
-707.262	2.89921E-4
-706.854	1.67849E-4
-706.447	1.06813E-4
-706.04	2.13626E-4
-705.633	1.83108E-4
-705.226	2.28885E-4
-704.818	1.67849E-4
-704.411	3.35698E-4
-704.004	1.06813E-4
-703.597	2.44144E-4
-703.19	2.13626E-4
-702.783	2.13626E-4
-702.375	3.20439E-4
-701.968	1.22072E-4
-701.561	1.83108E-4
-701.154	2.13626E-4
-700.747	2.59403E-4
-700.34	2.28885E-4
-699.932	1.67849E-4
-699.525	1.22072E-4
-699.118	1.67849E-4
-698.711	2.28885E-4
-698.304	1.37331E-4
-697.897	1.83108E-4
-697.489	1.83108E-4
-697.082	2.44144E-4
-696.675	1.98367E-4
-696.268	1.37331E-4
-695.861	9.15541E-5
-695.453	1.37331E-4
-695.046	2.28885E-4
-694.639	1.37331E-4
-694.232	2.13626E-4
-693.825	1.67849E-4
-693.418	1.98367E-4
-693.01	1.5259E-4
-692.603	2.13626E-4
-692.196	1.67849E-4
-691.789	1.98367E-4
-691.382	1.83108E-4
-690.975	1.83108E-4
-690.567	2.28885E-4
-690.16	1.83108E-4
-689.753	1.22072E-4
-689.346	1.37331E-4
-688.939	1.98367E-4
-688.531	1.67849E-4
-688.124	2.44144E-4
-687.717	1.83108E-4
-687.31	1.98367E-4
-686.903	4.57771E-5
-686.496	1.67849E-4
-686.088	1.22072E-4
-685.681	1.83108E-4
-685.274	1.98367E-4
-684.867	2.74662E-4
-684.46	1.98367E-4
-684.053	2.28885E-4
-683.645	1.98367E-4
-683.238	1.37331E-4
-682.831	1.5259E-4
-682.424	1.22072E-4
-682.017	1.5259E-4
-681.61	2.44144E-4
-681.202	2.28885E-4
-680.795	1.83108E-4
-680.388	2.28885E-4
-679.981	1.83108E-4
-679.574	2.59403E-4
-679.166	1.5259E-4
-678.759	2.44144E-4
-678.352	1.22072E-4
-677.945	1.5259E-4
-677.538	2.13626E-4
-677.131	1.5259E-4
-676.723	1.98367E-4
-676.316	1.83108E-4
-675.909	1.83108E-4
-675.502	1.22072E-4
-675.095	3.0518E-4
-674.688	1.06813E-4
-674.28	1.67849E-4
-673.873	1.98367E-4
-673.466	3.0518E-4
-673.059	2.44144E-4
-672.652	2.13626E-4
-672.245	1.67849E-4
-671.837	1.83108E-4
-671.43	1.83108E-4
-671.023	2.59403E-4
-670.616	2.59403E-4
-670.209	1.22072E-4
-669.801	1.06813E-4
-669.394	2.28885E-4
-668.987	1.5259E-4
-668.58	2.13626E-4
-668.173	2.74662E-4
-667.766	2.44144E-4
-667.358	1.98367E-4
-666.951	1.5259E-4
-666.544	2.44144E-4
-666.137	2.13626E-4
-665.73	1.83108E-4
-665.323	2.89921E-4
-664.915	2.44144E-4
-664.508	1.67849E-4
-664.101	1.83108E-4
-663.694	1.83108E-4
-663.287	1.37331E-4
-662.88	2.59403E-4
-662.472	2.13626E-4
-662.065	1.5259E-4
-661.658	2.28885E-4
-661.251	2.13626E-4
-660.844	2.74662E-4
-660.436	1.37331E-4
-660.029	1.83108E-4
-659.622	2.89921E-4
-659.215	1.98367E-4
-658.808	1.83108E-4
-658.401	1.67849E-4
-657.993	1.83108E-4
-657.586	1.5259E-4
-657.179	1.67849E-4
-656.772	2.28885E-4
-656.365	1.98367E-4
-655.958	2.74662E-4
-655.55	1.22072E-4
-655.143	1.67849E-4
-654.736	1.06813E-4
-654.329	2.13626E-4
-653.922	1.83108E-4
-653.515	2.44144E-4
-653.107	2.44144E-4
-652.7	2.13626E-4
-652.293	2.13626E-4
-651.886	2.44144E-4
-651.479	2.13626E-4
-651.071	1.98367E-4
-650.664	1.67849E-4
-650.257	1.83108E-4
-649.85	2.28885E-4
-649.443	1.67849E-4
-649.036	1.37331E-4
-648.628	1.83108E-4
-648.221	7.62951E-5
-647.814	1.83108E-4
-647.407	1.98367E-4
-647	2.44144E-4
-646.593	1.5259E-4
-646.185	1.67849E-4
-645.778	2.28885E-4
-645.371	2.89921E-4
-644.964	3.35698E-4
-644.557	1.98367E-4
-644.15	3.50958E-4
-643.742	2.89921E-4
-643.335	1.5259E-4
-642.928	1.98367E-4
-642.521	1.83108E-4
-642.114	1.98367E-4
-641.706	1.83108E-4
-641.299	2.13626E-4
-640.892	1.37331E-4
-640.485	1.5259E-4
-640.078	9.15541E-5
-639.671	2.44144E-4
-639.263	2.28885E-4
-638.856	1.98367E-4
-638.449	1.37331E-4
-638.042	1.37331E-4
-637.635	1.5259E-4
-637.228	1.5259E-4
-636.82	1.22072E-4
-636.413	2.13626E-4
-636.006	1.83108E-4
-635.599	1.83108E-4
-635.192	1.5259E-4
-634.784	2.59403E-4
-634.377	1.5259E-4
-633.97	1.98367E-4
-633.563	1.98367E-4
-633.156	2.13626E-4
-632.749	1.83108E-4
-632.341	1.83108E-4
-631.934	1.37331E-4
-631.527	1.98367E-4
-631.12	2.13626E-4
-630.713	1.67849E-4
-630.306	1.83108E-4
-629.898	2.28885E-4
-629.491	2.13626E-4
-629.084	1.22072E-4
-628.677	1.5259E-4
-628.27	1.22072E-4
-627.863	1.5259E-4
-627.455	2.13626E-4
-627.048	1.83108E-4
-626.641	1.37331E-4
-626.234	1.37331E-4
-625.827	2.28885E-4
-625.419	2.28885E-4
-625.012	1.22072E-4
-624.605	2.28885E-4
-624.198	1.5259E-4
-623.791	1.83108E-4
-623.384	1.37331E-4
-622.976	1.67849E-4
-622.569	2.28885E-4
-622.162	1.06813E-4
-621.755	2.44144E-4
-621.348	2.59403E-4
-620.941	1.37331E-4
-620.533	2.13626E-4
-620.126	2.59403E-4
-619.719	1.5259E-4
-619.312	1.37331E-4
-618.905	1.37331E-4
-618.498	1.37331E-4
-618.09	2.28885E-4
-617.683	1.5259E-4
-617.276	1.83108E-4
-616.869	1.5259E-4
-616.462	1.98367E-4
-616.054	2.74662E-4
-615.647	2.89921E-4
-615.24	2.59403E-4
-614.833	1.22072E-4
-614.426	1.5259E-4
-614.019	1.98367E-4
-613.611	2.44144E-4
-613.204	1.98367E-4
-612.797	2.13626E-4
-612.39	1.5259E-4
-611.983	1.22072E-4
-611.576	3.0518E-4
-611.168	2.13626E-4
-610.761	1.22072E-4
-610.354	1.83108E-4
-609.947	2.13626E-4
-609.54	1.5259E-4
-609.133	1.37331E-4
-608.725	1.06813E-4
-608.318	1.98367E-4
-607.911	1.5259E-4
-607.504	1.98367E-4
-607.097	1.98367E-4
-606.689	1.83108E-4
-606.282	1.06813E-4
-605.875	1.06813E-4
-605.468	1.5259E-4
-605.061	1.37331E-4
-604.654	1.67849E-4
-604.246	2.13626E-4
-603.839	1.37331E-4
-603.432	1.67849E-4
-603.025	1.83108E-4
-602.618	1.37331E-4
-602.211	1.83108E-4
-601.803	9.15541E-5
-601.396	1.67849E-4
-600.989	1.83108E-4
-600.582	1.22072E-4
-600.175	2.28885E-4
-599.768	1.98367E-4
-599.36	1.98367E-4
-598.953	3.0518E-4
-598.546	1.67849E-4
-598.139	2.59403E-4
-597.732	2.13626E-4
-597.324	2.28885E-4
-596.917	1.06813E-4
-596.51	1.67849E-4
-596.103	1.22072E-4
-595.696	1.98367E-4
-595.289	2.44144E-4
-594.881	1.37331E-4
-594.474	2.28885E-4
-594.067	2.13626E-4
-593.66	1.67849E-4
-593.253	2.89921E-4
-592.846	1.67849E-4
-592.438	1.22072E-4
-592.031	2.44144E-4
-591.624	2.28885E-4
-591.217	1.83108E-4
-590.81	1.83108E-4
-590.403	2.13626E-4
-589.995	1.37331E-4
-589.588	2.59403E-4
-589.181	1.67849E-4
-588.774	2.59403E-4
-588.367	1.83108E-4
-587.959	1.83108E-4
-587.552	2.13626E-4
-587.145	1.5259E-4
-586.738	2.44144E-4
-586.331	1.37331E-4
-585.924	3.0518E-4
-585.516	1.37331E-4
-585.109	1.83108E-4
-584.702	1.5259E-4
-584.295	1.22072E-4
-583.888	1.83108E-4
-583.481	1.5259E-4
-583.073	1.98367E-4
-582.666	1.37331E-4
-582.259	2.44144E-4
-581.852	1.83108E-4
-581.445	1.98367E-4
-581.037	1.37331E-4
-580.63	1.37331E-4
-580.223	1.5259E-4
-579.816	2.28885E-4
-579.409	2.13626E-4
-579.002	2.28885E-4
-578.594	1.98367E-4
-578.187	1.67849E-4
-577.78	1.37331E-4
-577.373	1.98367E-4
-576.966	1.5259E-4
-576.559	1.22072E-4
-576.151	1.83108E-4
-575.744	1.67849E-4
-575.337	1.5259E-4
-574.93	1.67849E-4
-574.523	2.13626E-4
-574.116	1.83108E-4
-573.708	2.44144E-4
-573.301	1.67849E-4
-572.894	2.13626E-4
-572.487	2.28885E-4
-572.08	1.5259E-4
-571.672	2.28885E-4
-571.265	1.37331E-4
-570.858	1.67849E-4
-570.451	1.22072E-4
-570.044	1.37331E-4
-569.637	1.98367E-4
-569.229	1.22072E-4
-568.822	2.28885E-4
-568.415	2.28885E-4
-568.008	2.13626E-4
-567.601	1.67849E-4
-567.194	1.37331E-4
-566.786	1.22072E-4
-566.379	2.28885E-4
-565.972	2.44144E-4
-565.565	2.28885E-4
-565.158	1.5259E-4
-564.751	2.89921E-4
-564.343	1.22072E-4
-563.936	1.83108E-4
-563.529	1.98367E-4
-563.122	1.83108E-4
-562.715	1.67849E-4
-562.307	1.37331E-4
-561.9	1.98367E-4
-561.493	1.83108E-4
-561.086	3.20439E-4
-560.679	2.28885E-4
-560.272	2.28885E-4
-559.864	1.67849E-4
-559.457	1.67849E-4
-559.05	1.37331E-4
-558.643	1.5259E-4
-558.236	2.44144E-4
-557.829	1.22072E-4
-557.421	1.67849E-4
-557.014	1.83108E-4
-556.607	1.5259E-4
-556.2	1.22072E-4
-555.793	2.74662E-4
-555.386	2.59403E-4
-554.978	1.98367E-4
-554.571	1.06813E-4
-554.164	1.67849E-4
-553.757	1.67849E-4
-553.35	1.98367E-4
-552.942	1.98367E-4
-552.535	1.06813E-4
-552.128	2.13626E-4
-551.721	2.13626E-4
-551.314	2.89921E-4
-550.907	1.5259E-4
-550.499	2.28885E-4
-550.092	1.37331E-4
-549.685	1.83108E-4
-549.278	1.98367E-4
-548.871	2.44144E-4
-548.464	2.44144E-4
-548.056	1.98367E-4
-547.649	1.98367E-4
-547.242	2.13626E-4
-546.835	2.89921E-4
-546.428	2.44144E-4
-546.021	1.98367E-4
-545.613	2.13626E-4
-545.206	3.0518E-4
-544.799	2.28885E-4
-544.392	1.98367E-4
-543.985	2.28885E-4
-543.577	1.98367E-4
-543.17	1.83108E-4
-542.763	2.44144E-4
-542.356	2.74662E-4
-541.949	7.62951E-5
-541.542	1.5259E-4
-541.134	2.13626E-4
-540.727	1.06813E-4
-540.32	1.67849E-4
-539.913	1.5259E-4
-539.506	1.5259E-4
-539.099	1.5259E-4
-538.691	1.98367E-4
-538.284	2.28885E-4
-537.877	1.83108E-4
-537.47	2.44144E-4
-537.063	2.74662E-4
-536.655	1.22072E-4
-536.248	1.67849E-4
-535.841	1.83108E-4
-535.434	1.98367E-4
-535.027	1.67849E-4
-534.62	1.5259E-4
-534.212	1.98367E-4
-533.805	2.13626E-4
-533.398	1.5259E-4
-532.991	2.89921E-4
-532.584	2.28885E-4
-532.177	2.28885E-4
-531.769	2.28885E-4
-531.362	2.13626E-4
-530.955	1.98367E-4
-530.548	2.74662E-4
-530.141	1.83108E-4
-529.734	2.28885E-4
-529.326	1.83108E-4
-528.919	1.83108E-4
-528.512	1.5259E-4
-528.105	1.37331E-4
-527.698	2.74662E-4
-527.29	2.13626E-4
-526.883	1.83108E-4
-526.476	1.22072E-4
-526.069	1.5259E-4
-525.662	1.06813E-4
-525.255	1.98367E-4
-524.847	2.13626E-4
-524.44	2.28885E-4
-524.033	2.59403E-4
-523.626	2.28885E-4
-523.219	1.37331E-4
-522.812	9.15541E-5
-522.404	1.83108E-4
-521.997	2.28885E-4
-521.59	2.74662E-4
-521.183	1.98367E-4
-520.776	1.98367E-4
-520.369	1.5259E-4
-519.961	1.67849E-4
-519.554	2.13626E-4
-519.147	1.37331E-4
-518.74	9.15541E-5
-518.333	1.37331E-4
-517.925	1.5259E-4
-517.518	1.22072E-4
-517.111	2.13626E-4
-516.704	2.13626E-4
-516.297	1.5259E-4
-515.89	1.22072E-4
-515.482	1.98367E-4
-515.075	2.13626E-4
-514.668	2.28885E-4
-514.261	9.15541E-5
-513.854	1.37331E-4
-513.447	1.98367E-4
-513.039	2.13626E-4
-512.632	1.22072E-4
-512.225	1.67849E-4
-511.818	2.44144E-4
-511.411	2.13626E-4
-511.004	2.28885E-4
-510.596	1.5259E-4
-510.189	2.74662E-4
-509.782	1.98367E-4
-509.375	1.5259E-4
-508.968	2.74662E-4
-508.56	1.67849E-4
-508.153	3.20439E-4
-507.746	2.74662E-4
-507.339	1.98367E-4
-506.932	2.59403E-4
-506.525	2.13626E-4
-506.117	2.13626E-4
-505.71	7.62951E-5
-505.303	1.98367E-4
-504.896	1.5259E-4
-504.489	1.98367E-4
-504.082	2.74662E-4
-503.674	2.13626E-4
-503.267	2.44144E-4
-502.86	1.5259E-4
-502.453	1.5259E-4
-502.046	1.67849E-4
-501.639	1.22072E-4
-501.231	1.83108E-4
-500.824	2.74662E-4
-500.417	2.28885E-4
-500.01	9.15541E-5
-499.603	1.5259E-4
-499.195	1.06813E-4
-498.788	3.35698E-4
-498.381	1.22072E-4
-497.974	1.98367E-4
-497.567	2.13626E-4
-497.16	1.67849E-4
-496.752	1.67849E-4
-496.345	1.5259E-4
-495.938	2.28885E-4
-495.531	1.83108E-4
-495.124	1.67849E-4
-494.717	1.98367E-4
-494.309	2.44144E-4
-493.902	6.10361E-5
-493.495	2.59403E-4
-493.088	2.28885E-4
-492.681	1.83108E-4
-492.274	1.06813E-4
-491.866	1.83108E-4
-491.459	3.0518E-4
-491.052	1.22072E-4
-490.645	1.06813E-4
-490.238	2.74662E-4
-489.83	2.13626E-4
-489.423	3.50958E-4
-489.016	2.13626E-4
-488.609	2.28885E-4
-488.202	2.28885E-4
-487.795	2.28885E-4
-487.387	1.5259E-4
-486.98	2.59403E-4
-486.573	1.83108E-4
-486.166	3.20439E-4
-485.759	1.22072E-4
-485.352	1.67849E-4
-484.944	1.37331E-4
-484.537	1.06813E-4
-484.13	2.13626E-4
-483.723	2.13626E-4
-483.316	1.83108E-4
-482.908	2.28885E-4
-482.501	2.28885E-4
-482.094	2.74662E-4
-481.687	1.67849E-4
-481.28	1.67849E-4
-480.873	2.44144E-4
-480.465	2.13626E-4
-480.058	2.44144E-4
-479.651	1.5259E-4
-479.244	2.44144E-4
-478.837	1.83108E-4
-478.43	1.83108E-4
-478.022	1.98367E-4
-477.615	1.67849E-4
-477.208	2.74662E-4
-476.801	1.22072E-4
-476.394	1.67849E-4
-475.987	1.83108E-4
-475.579	1.22072E-4
-475.172	1.5259E-4
-474.765	2.13626E-4
-474.358	2.59403E-4
-473.951	2.44144E-4
-473.543	2.28885E-4
-473.136	1.67849E-4
-472.729	9.15541E-5
-472.322	2.28885E-4
-471.915	1.67849E-4
-471.508	1.06813E-4
-471.1	1.98367E-4
-470.693	1.22072E-4
-470.286	1.22072E-4
-469.879	1.37331E-4
-469.472	1.83108E-4
-469.065	2.28885E-4
-468.657	1.67849E-4
-468.25	1.5259E-4
-467.843	2.28885E-4
-467.436	2.13626E-4
-467.029	2.44144E-4
-466.622	2.89921E-4
-466.214	1.5259E-4
-465.807	2.13626E-4
-465.4	1.06813E-4
-464.993	1.83108E-4
-464.586	1.22072E-4
-464.178	1.37331E-4
-463.771	7.62951E-5
-463.364	1.5259E-4
-462.957	2.13626E-4
-462.55	1.5259E-4
-462.143	9.15541E-5
-461.735	2.44144E-4
-461.328	2.13626E-4
-460.921	1.67849E-4
-460.514	2.28885E-4
-460.107	1.5259E-4
-459.7	1.83108E-4
-459.292	2.59403E-4
-458.885	1.37331E-4
-458.478	2.13626E-4
-458.071	1.06813E-4
-457.664	2.13626E-4
-457.257	9.15541E-5
-456.849	1.22072E-4
-456.442	2.44144E-4
-456.035	2.13626E-4
-455.628	2.44144E-4
-455.221	1.98367E-4
-454.813	2.13626E-4
-454.406	1.37331E-4
-453.999	1.83108E-4
-453.592	1.06813E-4
-453.185	2.89921E-4
-452.778	1.67849E-4
-452.37	1.67849E-4
-451.963	2.13626E-4
-451.556	2.28885E-4
-451.149	2.59403E-4
-450.742	1.98367E-4
-450.335	2.74662E-4
-449.927	1.5259E-4
-449.52	1.67849E-4
-449.113	1.98367E-4
-448.706	2.44144E-4
-448.299	2.13626E-4
-447.892	2.59403E-4
-447.484	1.98367E-4
-447.077	2.44144E-4
-446.67	2.28885E-4
-446.263	1.67849E-4
-445.856	6.10361E-5
-445.448	2.59403E-4
-445.041	1.5259E-4
-444.634	2.59403E-4
-444.227	1.5259E-4
-443.82	2.13626E-4
-443.413	1.37331E-4
-443.005	1.37331E-4
-442.598	1.06813E-4
-442.191	1.98367E-4
-441.784	1.98367E-4
-441.377	2.59403E-4
-440.97	1.83108E-4
-440.562	1.98367E-4
-440.155	1.37331E-4
-439.748	2.44144E-4
-439.341	1.67849E-4
-438.934	3.35698E-4
-438.526	1.5259E-4
-438.119	1.37331E-4
-437.712	1.83108E-4
-437.305	1.83108E-4
-436.898	7.62951E-5
-436.491	1.67849E-4
-436.083	1.83108E-4
-435.676	3.0518E-4
-435.269	1.37331E-4
-434.862	1.22072E-4
-434.455	2.44144E-4
-434.048	1.83108E-4
-433.64	1.98367E-4
-433.233	1.98367E-4
-432.826	1.83108E-4
-432.419	1.06813E-4
-432.012	2.28885E-4
-431.605	1.5259E-4
-431.197	1.5259E-4
-430.79	1.83108E-4
-430.383	2.74662E-4
-429.976	1.22072E-4
-429.569	2.44144E-4
-429.161	1.98367E-4
-428.754	1.83108E-4
-428.347	1.83108E-4
-427.94	1.06813E-4
-427.533	2.44144E-4
-427.126	1.98367E-4
-426.718	2.28885E-4
-426.311	1.83108E-4
-425.904	1.98367E-4
-425.497	1.98367E-4
-425.09	1.98367E-4
-424.683	2.13626E-4
-424.275	1.37331E-4
-423.868	2.28885E-4
-423.461	1.67849E-4
-423.054	1.83108E-4
-422.647	2.13626E-4
-422.24	2.13626E-4
-421.832	1.37331E-4
-421.425	2.74662E-4
-421.018	1.83108E-4
-420.611	1.06813E-4
-420.204	1.06813E-4
-419.796	2.13626E-4
-419.389	1.83108E-4
-418.982	1.67849E-4
-418.575	1.37331E-4
-418.168	1.67849E-4
-417.761	9.15541E-5
-417.353	2.74662E-4
-416.946	2.13626E-4
-416.539	1.67849E-4
-416.132	1.83108E-4
-415.725	9.15541E-5
-415.318	1.37331E-4
-414.91	2.89921E-4
-414.503	1.22072E-4
-414.096	2.59403E-4
-413.689	1.37331E-4
-413.282	1.83108E-4
-412.875	1.67849E-4
-412.467	2.59403E-4
-412.06	2.28885E-4
-411.653	1.67849E-4
-411.246	2.59403E-4
-410.839	2.13626E-4
-410.431	1.67849E-4
-410.024	1.06813E-4
-409.617	2.59403E-4
-409.21	2.59403E-4
-408.803	2.28885E-4
-408.396	1.83108E-4
-407.988	2.74662E-4
-407.581	3.35698E-4
-407.174	1.5259E-4
-406.767	1.67849E-4
-406.36	2.44144E-4
-405.953	2.74662E-4
-405.545	2.74662E-4
-405.138	7.62951E-5
-404.731	1.5259E-4
-404.324	2.74662E-4
-403.917	1.5259E-4
-403.51	1.67849E-4
-403.102	1.22072E-4
-402.695	9.15541E-5
-402.288	1.06813E-4
-401.881	1.98367E-4
-401.474	1.37331E-4
-401.066	2.28885E-4
-400.659	1.98367E-4
-400.252	1.67849E-4
-399.845	2.74662E-4
-399.438	1.5259E-4
-399.031	1.22072E-4
-398.623	1.67849E-4
-398.216	1.83108E-4
-397.809	1.83108E-4
-397.402	1.67849E-4
-396.995	1.06813E-4
-396.588	2.59403E-4
-396.18	2.74662E-4
-395.773	1.98367E-4
-395.366	1.83108E-4
-394.959	1.5259E-4
-394.552	1.98367E-4
-394.145	1.67849E-4
-393.737	2.44144E-4
-393.33	1.98367E-4
-392.923	9.15541E-5
-392.516	2.74662E-4
-392.109	1.83108E-4
-391.701	1.67849E-4
-391.294	1.06813E-4
-390.887	1.83108E-4
-390.48	2.44144E-4
-390.073	1.37331E-4
-389.666	2.44144E-4
-389.258	2.13626E-4
-388.851	1.67849E-4
-388.444	2.74662E-4
-388.037	2.28885E-4
-387.63	1.37331E-4
-387.223	1.67849E-4
-386.815	1.37331E-4
-386.408	1.22072E-4
-386.001	2.59403E-4
-385.594	2.74662E-4
-385.187	2.13626E-4
-384.779	1.37331E-4
-384.372	1.5259E-4
-383.965	1.37331E-4
-383.558	2.28885E-4
-383.151	1.98367E-4
-382.744	1.83108E-4
-382.336	2.44144E-4
-381.929	2.44144E-4
-381.522	1.22072E-4
-381.115	6.10361E-5
-380.708	1.67849E-4
-380.301	1.98367E-4
-379.893	1.5259E-4
-379.486	1.67849E-4
-379.079	1.5259E-4
-378.672	1.83108E-4
-378.265	1.37331E-4
-377.858	1.98367E-4
-377.45	2.28885E-4
-377.043	2.13626E-4
-376.636	1.67849E-4
-376.229	1.37331E-4
-375.822	2.89921E-4
-375.414	1.83108E-4
-375.007	1.67849E-4
-374.6	1.37331E-4
-374.193	1.37331E-4
-373.786	1.06813E-4
-373.379	6.10361E-5
-372.971	1.83108E-4
-372.564	2.13626E-4
-372.157	2.13626E-4
-371.75	2.13626E-4
-371.343	3.0518E-4
-370.936	1.98367E-4
-370.528	1.83108E-4
-370.121	1.98367E-4
-369.714	1.37331E-4
-369.307	1.83108E-4
-368.9	1.98367E-4
-368.493	1.67849E-4
-368.085	1.98367E-4
-367.678	1.67849E-4
-367.271	2.44144E-4
-366.864	1.37331E-4
-366.457	1.83108E-4
-366.049	1.98367E-4
-365.642	1.98367E-4
-365.235	1.98367E-4
-364.828	1.67849E-4
-364.421	9.15541E-5
-364.014	2.59403E-4
-363.606	1.83108E-4
-363.199	1.67849E-4
-362.792	1.22072E-4
-362.385	1.5259E-4
-361.978	2.74662E-4
-361.571	1.37331E-4
-361.163	1.83108E-4
-360.756	1.5259E-4
-360.349	2.44144E-4
-359.942	1.06813E-4
-359.535	2.28885E-4
-359.128	2.28885E-4
-358.72	7.62951E-5
-358.313	2.28885E-4
-357.906	1.83108E-4
-357.499	1.98367E-4
-357.092	1.37331E-4
-356.684	1.98367E-4
-356.277	2.59403E-4
-355.87	1.83108E-4
-355.463	9.15541E-5
-355.056	2.28885E-4
-354.649	1.98367E-4
-354.241	2.44144E-4
-353.834	3.0518E-4
-353.427	1.67849E-4
-353.02	1.5259E-4
-352.613	1.67849E-4
-352.206	1.5259E-4
-351.798	2.44144E-4
-351.391	2.74662E-4
-350.984	1.37331E-4
-350.577	1.67849E-4
-350.17	1.98367E-4
-349.763	1.22072E-4
-349.355	1.67849E-4
-348.948	1.5259E-4
-348.541	2.28885E-4
-348.134	1.83108E-4
-347.727	1.67849E-4
-347.319	1.83108E-4
-346.912	1.5259E-4
-346.505	1.06813E-4
-346.098	2.28885E-4
-345.691	3.50958E-4
-345.284	1.67849E-4
-344.876	1.06813E-4
-344.469	1.5259E-4
-344.062	2.13626E-4
-343.655	1.22072E-4
-343.248	2.13626E-4
-342.841	2.74662E-4
-342.433	2.28885E-4
-342.026	1.37331E-4
-341.619	1.37331E-4
-341.212	1.98367E-4
-340.805	2.59403E-4
-340.398	1.98367E-4
-339.99	2.59403E-4
-339.583	1.5259E-4
-339.176	1.22072E-4
-338.769	1.5259E-4
-338.362	1.06813E-4
-337.954	2.89921E-4
-337.547	2.89921E-4
-337.14	1.22072E-4
-336.733	2.89921E-4
-336.326	1.37331E-4
-335.919	1.83108E-4
-335.511	1.83108E-4
-335.104	1.22072E-4
-334.697	1.83108E-4
-334.29	2.74662E-4
-333.883	1.83108E-4
-333.476	2.13626E-4
-333.068	2.13626E-4
-332.661	1.98367E-4
-332.254	1.67849E-4
-331.847	1.67849E-4
-331.44	1.06813E-4
-331.032	2.59403E-4
-330.625	7.62951E-5
-330.218	1.67849E-4
-329.811	2.89921E-4
-329.404	3.0518E-4
-328.997	9.15541E-5
-328.589	1.22072E-4
-328.182	2.28885E-4
-327.775	1.5259E-4
-327.368	1.83108E-4
-326.961	1.83108E-4
-326.554	1.5259E-4
-326.146	1.22072E-4
-325.739	1.83108E-4
-325.332	1.83108E-4
-324.925	1.5259E-4
-324.518	1.5259E-4
-324.111	2.89921E-4
-323.703	1.67849E-4
-323.296	1.67849E-4
-322.889	2.13626E-4
-322.482	1.83108E-4
-322.075	1.67849E-4
-321.667	1.98367E-4
-321.26	1.37331E-4
-320.853	1.37331E-4
-320.446	1.06813E-4
-320.039	1.67849E-4
-319.632	1.22072E-4
-319.224	2.28885E-4
-318.817	1.83108E-4
-318.41	1.98367E-4
-318.003	1.22072E-4
-317.596	3.20439E-4
-317.189	1.06813E-4
-316.781	1.98367E-4
-316.374	2.44144E-4
-315.967	1.98367E-4
-315.56	2.74662E-4
-315.153	7.62951E-5
-314.746	1.83108E-4
-314.338	1.83108E-4
-313.931	2.28885E-4
-313.524	2.13626E-4
-313.117	9.15541E-5
-312.71	1.83108E-4
-312.302	1.22072E-4
-311.895	1.06813E-4
-311.488	9.15541E-5
-311.081	1.98367E-4
-310.674	1.67849E-4
-310.267	1.5259E-4
-309.859	2.28885E-4
-309.452	1.67849E-4
-309.045	7.62951E-5
-308.638	6.10361E-5
-308.231	2.74662E-4
-307.824	2.13626E-4
-307.416	2.13626E-4
-307.009	9.15541E-5
-306.602	2.44144E-4
-306.195	1.67849E-4
-305.788	2.28885E-4
-305.381	2.89921E-4
-304.973	1.83108E-4
-304.566	2.59403E-4
-304.159	2.28885E-4
-303.752	1.22072E-4
-303.345	1.98367E-4
-302.937	1.83108E-4
-302.53	2.59403E-4
-302.123	1.37331E-4
-301.716	1.37331E-4
-301.309	1.5259E-4
-300.902	1.67849E-4
-300.494	2.74662E-4
-300.087	2.74662E-4
-299.68	1.98367E-4
-299.273	1.67849E-4
-298.866	2.59403E-4
-298.459	2.44144E-4
-298.051	1.5259E-4
-297.644	2.28885E-4
-297.237	3.35698E-4
-296.83	1.98367E-4
-296.423	1.98367E-4
-296.016	1.5259E-4
-295.608	2.74662E-4
-295.201	1.83108E-4
-294.794	2.28885E-4
-294.387	1.98367E-4
-293.98	1.37331E-4
-293.572	2.13626E-4
-293.165	2.44144E-4
-292.758	1.22072E-4
-292.351	1.06813E-4
-291.944	1.67849E-4
-291.537	1.67849E-4
-291.129	1.98367E-4
-290.722	1.83108E-4
-290.315	1.06813E-4
-289.908	1.37331E-4
-289.501	2.44144E-4
-289.094	2.44144E-4
-288.686	2.44144E-4
-288.279	1.67849E-4
-287.872	1.37331E-4
-287.465	1.06813E-4
-287.058	1.98367E-4
-286.65	1.83108E-4
-286.243	1.83108E-4
-285.836	2.44144E-4
-285.429	1.83108E-4
-285.022	1.98367E-4
-284.615	2.89921E-4
-284.207	1.22072E-4
-283.8	2.44144E-4
-283.393	2.28885E-4
-282.986	1.22072E-4
-282.579	1.67849E-4
-282.172	1.98367E-4
-281.764	2.28885E-4
-281.357	1.67849E-4
-280.95	1.98367E-4
-280.543	7.62951E-5
-280.136	2.13626E-4
-279.729	1.67849E-4
-279.321	2.44144E-4
-278.914	1.83108E-4
-278.507	1.83108E-4
-278.1	1.22072E-4
-277.693	2.74662E-4
-277.285	1.5259E-4
-276.878	2.28885E-4
-276.471	1.98367E-4
-276.064	2.13626E-4
-275.657	1.83108E-4
-275.25	2.13626E-4
-274.842	1.67849E-4
-274.435	1.98367E-4
-274.028	2.44144E-4
-273.621	1.83108E-4
-273.214	1.98367E-4
-272.807	2.44144E-4
-272.399	1.67849E-4
-271.992	1.83108E-4
-271.585	2.13626E-4
-271.178	1.83108E-4
-270.771	1.98367E-4
-270.364	2.28885E-4
-269.956	1.83108E-4
-269.549	1.98367E-4
-269.142	1.67849E-4
-268.735	1.22072E-4
-268.328	1.98367E-4
-267.92	1.37331E-4
-267.513	2.89921E-4
-267.106	1.83108E-4
-266.699	2.59403E-4
-266.292	1.98367E-4
-265.885	1.98367E-4
-265.477	2.28885E-4
-265.07	1.5259E-4
-264.663	9.15541E-5
-264.256	1.06813E-4
-263.849	1.06813E-4
-263.442	1.5259E-4
-263.034	1.22072E-4
-262.627	1.37331E-4
-262.22	2.59403E-4
-261.813	7.62951E-5
-261.406	1.98367E-4
-260.999	2.28885E-4
-260.591	1.98367E-4
-260.184	1.5259E-4
-259.777	2.59403E-4
-259.37	2.28885E-4
-258.963	1.37331E-4
-258.555	2.28885E-4
-258.148	1.67849E-4
-257.741	1.98367E-4
-257.334	1.67849E-4
-256.927	2.74662E-4
-256.52	7.62951E-5
-256.112	1.22072E-4
-255.705	1.67849E-4
-255.298	2.74662E-4
-254.891	1.06813E-4
-254.484	1.5259E-4
-254.077	1.5259E-4
-253.669	2.13626E-4
-253.262	1.98367E-4
-252.855	1.22072E-4
-252.448	1.83108E-4
-252.041	1.67849E-4
-251.634	9.15541E-5
-251.226	2.74662E-4
-250.819	1.5259E-4
-250.412	1.98367E-4
-250.005	2.89921E-4
-249.598	2.13626E-4
-249.19	2.44144E-4
-248.783	1.06813E-4
-248.376	2.59403E-4
-247.969	2.44144E-4
-247.562	2.13626E-4
-247.155	2.13626E-4
-246.747	2.28885E-4
-246.34	1.83108E-4
-245.933	3.20439E-4
-245.526	1.98367E-4
-245.119	2.28885E-4
-244.712	1.06813E-4
-244.304	1.37331E-4
-243.897	1.98367E-4
-243.49	1.5259E-4
-243.083	1.98367E-4
-242.676	2.74662E-4
-242.269	2.44144E-4
-241.861	9.15541E-5
-241.454	1.37331E-4
-241.047	1.98367E-4
-240.64	1.83108E-4
-240.233	9.15541E-5
-239.825	2.28885E-4
-239.418	1.37331E-4
-239.011	1.5259E-4
-238.604	2.44144E-4
-238.197	2.28885E-4
-237.79	2.44144E-4
-237.382	7.62951E-5
-236.975	1.22072E-4
-236.568	1.98367E-4
-236.161	2.13626E-4
-235.754	9.15541E-5
-235.347	2.13626E-4
-234.939	1.67849E-4
-234.532	1.98367E-4
-234.125	1.5259E-4
-233.718	1.98367E-4
-233.311	1.5259E-4
-232.903	1.67849E-4
-232.496	1.5259E-4
-232.089	2.28885E-4
-231.682	1.67849E-4
-231.275	1.5259E-4
-230.868	1.67849E-4
-230.46	1.67849E-4
-230.053	1.37331E-4
-229.646	3.35698E-4
-229.239	1.37331E-4
-228.832	1.67849E-4
-228.425	2.44144E-4
-228.017	1.83108E-4
-227.61	6.10361E-5
-227.203	1.67849E-4
-226.796	1.5259E-4
-226.389	2.28885E-4
-225.982	1.37331E-4
-225.574	1.83108E-4
-225.167	2.13626E-4
-224.76	1.37331E-4
-224.353	2.44144E-4
-223.946	1.98367E-4
-223.538	2.59403E-4
-223.131	1.06813E-4
-222.724	1.98367E-4
-222.317	1.06813E-4
-221.91	1.37331E-4
-221.503	2.74662E-4
-221.095	1.98367E-4
-220.688	2.28885E-4
-220.281	1.98367E-4
-219.874	1.83108E-4
-219.467	1.83108E-4
-219.06	1.67849E-4
-218.652	2.59403E-4
-218.245	1.5259E-4
-217.838	1.06813E-4
-217.431	1.22072E-4
-217.024	1.5259E-4
-216.617	2.44144E-4
-216.209	1.37331E-4
-215.802	1.98367E-4
-215.395	2.44144E-4
-214.988	2.28885E-4
-214.581	1.98367E-4
-214.173	1.37331E-4
-213.766	1.98367E-4
-213.359	1.22072E-4
-212.952	1.5259E-4
-212.545	1.98367E-4
-212.138	2.13626E-4
-211.73	1.67849E-4
-211.323	1.67849E-4
-210.916	2.44144E-4
-210.509	2.44144E-4
-210.102	2.28885E-4
-209.695	1.67849E-4
-209.287	1.83108E-4
-208.88	1.83108E-4
-208.473	7.62951E-5
-208.066	1.37331E-4
-207.659	1.37331E-4
-207.252	1.83108E-4
-206.844	1.98367E-4
-206.437	1.67849E-4
-206.03	1.98367E-4
-205.623	2.13626E-4
-205.216	1.37331E-4
-204.808	1.5259E-4
-204.401	1.22072E-4
-203.994	2.13626E-4
-203.587	1.37331E-4
-203.18	2.89921E-4
-202.773	1.83108E-4
-202.365	1.37331E-4
-201.958	1.22072E-4
-201.551	1.22072E-4
-201.144	1.67849E-4
-200.737	1.83108E-4
-200.33	2.28885E-4
-199.922	1.06813E-4
-199.515	1.22072E-4
-199.108	1.98367E-4
-198.701	2.44144E-4
-198.294	2.13626E-4
-197.887	1.67849E-4
-197.479	1.98367E-4
-197.072	2.13626E-4
-196.665	1.83108E-4
-196.258	2.28885E-4
-195.851	1.22072E-4
-195.443	1.5259E-4
-195.036	1.5259E-4
-194.629	2.59403E-4
-194.222	1.5259E-4
-193.815	1.5259E-4
-193.408	1.67849E-4
-193	1.22072E-4
-192.593	2.28885E-4
-192.186	2.59403E-4
-191.779	1.67849E-4
-191.372	7.62951E-5
-190.965	1.22072E-4
-190.557	1.37331E-4
-190.15	1.83108E-4
-189.743	1.5259E-4
-189.336	2.13626E-4
-188.929	2.13626E-4
-188.522	2.28885E-4
-188.114	2.44144E-4
-187.707	1.22072E-4
-187.3	1.5259E-4
-186.893	1.98367E-4
-186.486	2.28885E-4
-186.078	1.67849E-4
-185.671	1.83108E-4
-185.264	1.5259E-4
-184.857	9.15541E-5
-184.45	2.89921E-4
-184.043	2.59403E-4
-183.635	1.83108E-4
-183.228	1.98367E-4
-182.821	1.98367E-4
-182.414	1.67849E-4
-182.007	2.13626E-4
-181.6	1.37331E-4
-181.192	2.44144E-4
-180.785	1.98367E-4
-180.378	1.83108E-4
-179.971	6.10361E-5
-179.564	1.98367E-4
-179.156	2.28885E-4
-178.749	1.98367E-4
-178.342	1.37331E-4
-177.935	1.22072E-4
-177.528	1.67849E-4
-177.121	9.15541E-5
-176.713	1.06813E-4
-176.306	2.13626E-4
-175.899	1.67849E-4
-175.492	2.28885E-4
-175.085	9.15541E-5
-174.678	1.5259E-4
-174.27	1.83108E-4
-173.863	1.83108E-4
-173.456	2.59403E-4
-173.049	1.5259E-4
-172.642	1.83108E-4
-172.235	1.06813E-4
-171.827	2.74662E-4
-171.42	2.59403E-4
-171.013	2.59403E-4
-170.606	1.83108E-4
-170.199	1.22072E-4
-169.791	1.5259E-4
-169.384	2.13626E-4
-168.977	1.98367E-4
-168.57	1.98367E-4
-168.163	1.06813E-4
-167.756	1.67849E-4
-167.348	1.5259E-4
-166.941	2.28885E-4
-166.534	1.98367E-4
-166.127	2.89921E-4
-165.72	7.62951E-5
-165.313	2.59403E-4
-164.905	1.67849E-4
-164.498	1.22072E-4
-164.091	1.67849E-4
-163.684	1.83108E-4
-163.277	2.13626E-4
-162.87	1.22072E-4
-162.462	1.83108E-4
-162.055	2.13626E-4
-161.648	2.44144E-4
-161.241	1.98367E-4
-160.834	1.67849E-4
-160.426	1.5259E-4
-160.019	1.83108E-4
-159.612	1.67849E-4
-159.205	1.67849E-4
-158.798	1.5259E-4
-158.391	1.67849E-4
-157.983	1.06813E-4
-157.576	2.28885E-4
-157.169	1.37331E-4
-156.762	1.67849E-4
-156.355	1.67849E-4
-155.948	3.35698E-4
-155.54	1.5259E-4
-155.133	1.98367E-4
-154.726	1.83108E-4
-154.319	1.67849E-4
-153.912	2.74662E-4
-153.505	2.28885E-4
-153.097	1.67849E-4
-152.69	1.22072E-4
-152.283	1.67849E-4
-151.876	1.67849E-4
-151.469	1.06813E-4
-151.061	9.15541E-5
-150.654	1.67849E-4
-150.247	1.06813E-4
-149.84	1.37331E-4
-149.433	1.67849E-4
-149.026	2.44144E-4
-148.618	1.67849E-4
-148.211	2.44144E-4
-147.804	2.28885E-4
-147.397	2.28885E-4
-146.99	1.22072E-4
-146.583	1.98367E-4
-146.175	1.5259E-4
-145.768	1.5259E-4
-145.361	1.67849E-4
-144.954	1.83108E-4
-144.547	1.06813E-4
-144.14	2.74662E-4
-143.732	1.5259E-4
-143.325	2.44144E-4
-142.918	1.22072E-4
-142.511	1.37331E-4
-142.104	1.5259E-4
-141.696	1.98367E-4
-141.289	1.67849E-4
-140.882	9.15541E-5
-140.475	1.22072E-4
-140.068	2.44144E-4
-139.661	1.98367E-4
-139.253	1.22072E-4
-138.846	2.28885E-4
-138.439	2.13626E-4
-138.032	1.5259E-4
-137.625	2.13626E-4
-137.218	1.22072E-4
-136.81	1.5259E-4
-136.403	1.98367E-4
-135.996	1.83108E-4
-135.589	1.5259E-4
-135.182	2.89921E-4
-134.774	3.0518E-4
-134.367	1.98367E-4
-133.96	2.89921E-4
-133.553	1.98367E-4
-133.146	1.67849E-4
-132.739	1.06813E-4
-132.331	2.44144E-4
-131.924	3.50958E-4
-131.517	2.89921E-4
-131.11	1.67849E-4
-130.703	2.89921E-4
-130.296	2.13626E-4
-129.888	1.06813E-4
-129.481	1.98367E-4
-129.074	2.13626E-4
-128.667	1.5259E-4
-128.26	1.37331E-4
-127.853	2.13626E-4
-127.445	1.5259E-4
-127.038	2.13626E-4
-126.631	1.83108E-4
-126.224	1.83108E-4
-125.817	7.62951E-5
-125.409	1.22072E-4
-125.002	2.13626E-4
-124.595	1.22072E-4
-124.188	2.44144E-4
-123.781	1.37331E-4
-123.374	1.22072E-4
-122.966	2.44144E-4
-122.559	1.5259E-4
-122.152	1.67849E-4
-121.745	2.28885E-4
-121.338	1.22072E-4
-120.931	1.98367E-4
-120.523	1.5259E-4
-120.116	2.28885E-4
-119.709	1.06813E-4
-119.302	1.67849E-4
-118.895	2.59403E-4
-118.488	1.98367E-4
-118.08	2.74662E-4
-117.673	1.98367E-4
-117.266	2.74662E-4
-116.859	1.22072E-4
-116.452	2.13626E-4
-116.044	1.06813E-4
-115.637	1.98367E-4
-115.23	1.37331E-4
-114.823	2.13626E-4
-114.416	2.13626E-4
-114.009	1.22072E-4
-113.601	2.59403E-4
-113.194	1.06813E-4
-112.787	1.37331E-4
-112.38	2.13626E-4
-111.973	1.5259E-4
-111.566	1.22072E-4
-111.158	1.22072E-4
-110.751	1.98367E-4
-110.344	1.67849E-4
-109.937	1.67849E-4
-109.53	1.83108E-4
-109.123	1.83108E-4
-108.715	2.44144E-4
-108.308	2.13626E-4
-107.901	2.59403E-4
-107.494	3.20439E-4
-107.087	1.5259E-4
-106.679	1.83108E-4
-106.272	1.37331E-4
-105.865	2.28885E-4
-105.458	1.98367E-4
-105.051	1.37331E-4
-104.644	2.74662E-4
-104.236	1.98367E-4
-103.829	3.35698E-4
-103.422	1.22072E-4
-103.015	1.98367E-4
-102.608	1.83108E-4
-102.201	3.0518E-5
-101.793	2.28885E-4
-101.386	1.5259E-4
-100.979	1.22072E-4
-100.572	1.37331E-4
-100.165	1.5259E-4
-99.758	2.13626E-4
-99.35	1.98367E-4
-98.943	2.13626E-4
-98.536	1.98367E-4
-98.129	1.98367E-4
-97.722	2.44144E-4
-97.314	2.28885E-4
-96.907	2.74662E-4
-96.5	2.13626E-4
-96.093	3.20439E-4
-95.686	1.37331E-4
-95.279	1.83108E-4
-94.871	9.15541E-5
-94.464	2.13626E-4
-94.057	2.13626E-4
-93.65	1.5259E-4
-93.243	1.5259E-4
-92.836	1.06813E-4
-92.428	1.98367E-4
-92.021	2.44144E-4
-91.614	2.28885E-4
-91.207	2.28885E-4
-90.8	1.98367E-4
-90.393	1.98367E-4
-89.985	1.83108E-4
-89.578	1.98367E-4
-89.171	1.37331E-4
-88.764	2.44144E-4
-88.357	2.44144E-4
-87.949	1.5259E-4
-87.542	1.5259E-4
-87.135	1.98367E-4
-86.728	1.06813E-4
-86.321	1.67849E-4
-85.914	2.13626E-4
-85.506	1.83108E-4
-85.099	1.83108E-4
-84.692	1.37331E-4
-84.285	2.59403E-4
-83.878	2.28885E-4
-83.471	1.06813E-4
-83.063	1.22072E-4
-82.656	1.22072E-4
-82.249	1.83108E-4
-81.842	1.22072E-4
-81.435	1.83108E-4
-81.027	1.83108E-4
-80.62	1.5259E-4
-80.213	1.67849E-4
-79.806	2.59403E-4
-79.399	3.0518E-5
-78.992	1.98367E-4
-78.584	1.67849E-4
-78.177	1.98367E-4
-77.77	1.5259E-4
-77.363	9.15541E-5
-76.956	1.83108E-4
-76.549	1.37331E-4
-76.141	1.83108E-4
-75.734	2.13626E-4
-75.327	1.98367E-4
-74.92	1.67849E-4
-74.513	4.57771E-5
-74.106	1.5259E-4
-73.698	1.67849E-4
-73.291	1.37331E-4
-72.884	2.74662E-4
-72.477	2.28885E-4
-72.07	1.67849E-4
-71.662	2.44144E-4
-71.255	1.5259E-4
-70.848	1.22072E-4
-70.441	1.22072E-4
-70.034	1.37331E-4
-69.627	1.98367E-4
-69.219	1.06813E-4
-68.812	1.83108E-4
-68.405	2.74662E-4
-67.998	2.28885E-4
-67.591	2.74662E-4
-67.184	1.98367E-4
-66.776	2.13626E-4
-66.369	1.37331E-4
-65.962	1.06813E-4
-65.555	2.44144E-4
-65.148	1.22072E-4
-64.741	1.67849E-4
-64.333	2.28885E-4
-63.926	1.5259E-4
-63.519	1.37331E-4
-63.112	1.5259E-4
-62.705	1.98367E-4
-62.297	1.67849E-4
-61.89	2.44144E-4
-61.483	2.28885E-4
-61.076	2.59403E-4
-60.669	2.59403E-4
-60.262	3.81476E-4
-59.854	1.22072E-4
-59.447	2.13626E-4
-59.04	3.35698E-4
-58.633	2.13626E-4
-58.226	4.11994E-4
-57.819	2.28885E-4
-57.411	3.35698E-4
-57.004	2.28885E-4
-56.597	3.66217E-4
-56.19	2.28885E-4
-55.783	2.59403E-4
-55.376	3.20439E-4
-54.968	4.27253E-4
-54.561	4.42512E-4
-54.154	4.42512E-4
-53.747	4.11994E-4
-53.34	3.35698E-4
-52.932	5.18807E-4
-52.525	6.2562E-4
-52.118	5.79843E-4
-51.711	5.34066E-4
-51.304	6.71397E-4
-50.897	6.10361E-4
-50.489	6.56138E-4
-50.082	6.71397E-4
-49.675	6.2562E-4
-49.268	9.61318E-4
-48.861	8.85023E-4
-48.454	9.15541E-4
-48.046	0.00124
-47.639	0.00107
-47.232	0.00128
-46.825	0.00128
-46.418	0.00142
-46.011	0.00139
-45.603	0.00182
-45.196	0.00189
-44.789	0.00179
-44.382	0.00224
-43.975	0.00212
-43.567	0.00284
-43.16	0.00247
-42.753	0.00301
-42.346	0.00304
-41.939	0.00375
-41.532	0.00409
-41.124	0.004
-40.717	0.00505
-40.31	0.00531
-39.903	0.00552
-39.496	0.00671
-39.089	0.00633
-38.681	0.00722
-38.274	0.00807
-37.867	0.00861
-37.46	0.00989
-37.053	0.01149
-36.645	0.01163
-36.238	0.01315
-35.831	0.01453
-35.424	0.01616
-35.017	0.01692
-34.61	0.01865
-34.202	0.02177
-33.795	0.02248
-33.388	0.02419
-32.981	0.02675
-32.574	0.02991
-32.167	0.03304
-31.759	0.03609
-31.352	0.03935
-30.945	0.04216
-30.538	0.04706
-30.131	0.05135
-29.724	0.05293
-29.316	0.05728
-28.909	0.06197
-28.502	0.06824
-28.095	0.07259
-27.688	0.0788
-27.28	0.08745
-26.873	0.09212
-26.466	0.10152
-26.059	0.10752
-25.652	0.1178
-25.245	0.12551
-24.837	0.13454
-24.43	0.14261
-24.023	0.1523
-23.616	0.16472
-23.209	0.17343
-22.802	0.18511
-22.394	0.19808
-21.987	0.20951
-21.58	0.22272
-21.173	0.23659
-20.766	0.24935
-20.359	0.26087
-19.951	0.28156
-19.544	0.29242
-19.137	0.30958
-18.73	0.32335
-18.323	0.33785
-17.915	0.35712
-17.508	0.37621
-17.101	0.39609
-16.694	0.41369
-16.287	0.42985
-15.88	0.45164
-15.472	0.46848
-15.065	0.4889
-14.658	0.5035
-14.251	0.52224
-13.844	0.54646
-13.437	0.56761
-13.029	0.59351
-12.622	0.60429
-12.215	0.62553
-11.808	0.64025
-11.401	0.66764
-10.994	0.68452
-10.586	0.70164
-10.179	0.71942
-9.772	0.74406
-9.365	0.75938
-8.958	0.78683
-8.55	0.79422
-8.143	0.81671
-7.736	0.82969
-7.329	0.84556
-6.922	0.86162
-6.515	0.88193
-6.107	0.89612
-5.7	0.90649
-5.293	0.91411
-4.886	0.92992
-4.479	0.9362
-4.072	0.94803
-3.664	0.95166
-3.257	0.96327
-2.85	0.96815
-2.443	0.9812
-2.036	0.98508
-1.629	0.98648
-1.221	0.99271
-0.814	0.99432
-0.407	0.99135
0	1
0.407	0.99162
0.815	0.99207
1.222	0.98999
1.629	0.9938
2.036	0.98315
2.443	0.97461
2.85	0.97366
3.258	0.96234
3.665	0.95076
4.072	0.94667
4.479	0.94394
4.886	0.93167
5.293	0.92117
5.701	0.90971
6.108	0.89705
6.515	0.88515
6.922	0.86841
7.329	0.85679
7.736	0.84091
8.144	0.82934
8.551	0.81663
8.958	0.79937
9.365	0.77838
9.772	0.77241
10.18	0.74746
10.587	0.73904
10.994	0.72277
11.401	0.70909
11.808	0.68537
12.215	0.66445
12.623	0.65362
13.03	0.63836
13.437	0.61949
13.844	0.59933
14.251	0.58564
14.658	0.57379
15.066	0.55087
15.473	0.53651
15.88	0.52914
16.287	0.50266
16.694	0.49152
17.102	0.46841
17.509	0.4639
17.916	0.4423
18.323	0.42681
18.73	0.41733
19.137	0.40221
19.545	0.3854
19.952	0.37403
20.359	0.36255
20.766	0.34928
21.173	0.33039
21.58	0.32161
21.988	0.30515
22.395	0.29831
22.802	0.28855
23.209	0.27468
23.616	0.26365
24.023	0.25649
24.431	0.24511
24.838	0.22928
25.245	0.22336
25.652	0.21491
26.059	0.20665
26.467	0.19667
26.874	0.18759
27.281	0.18032
27.688	0.17246
28.095	0.16584
28.502	0.15714
28.91	0.15332
29.317	0.14594
29.724	0.14057
30.131	0.13355
30.538	0.12505
30.945	0.12177
31.353	0.11449
31.76	0.11084
32.167	0.10314
32.574	0.10047
32.981	0.0965
33.388	0.09087
33.796	0.08818
34.203	0.08115
34.61	0.08139
35.017	0.07607
35.424	0.07161
35.832	0.06889
36.239	0.06621
36.646	0.06337
37.053	0.05921
37.46	0.05666
37.867	0.05309
38.275	0.05197
38.682	0.04839
39.089	0.04614
39.496	0.04488
39.903	0.04248
40.31	0.04289
40.718	0.03926
41.125	0.03754
41.532	0.03589
41.939	0.03378
42.346	0.0321
42.753	0.03032
43.161	0.02954
43.568	0.02776
43.975	0.02635
44.382	0.02438
44.789	0.02388
45.197	0.02284
45.604	0.02225
46.011	0.02057
46.418	0.01888
46.825	0.01834
47.232	0.0183
47.64	0.01639
48.047	0.01695
48.454	0.01444
48.861	0.01474
49.268	0.01447
49.675	0.01408
50.083	0.013
50.49	0.01227
50.897	0.01161
51.304	0.01187
51.711	0.01105
52.118	0.01015
52.526	0.00977
52.933	0.01024
53.34	0.00856
53.747	0.00822
54.154	0.0083
54.562	0.00772
54.969	0.00732
55.376	0.00684
55.783	0.00633
56.19	0.00638
56.597	0.00563
57.005	0.00568
57.412	0.00575
57.819	0.00516
58.226	0.00565
58.633	0.00456
59.04	0.00494
59.448	0.00443
59.855	0.00458
60.262	0.00427
60.669	0.00374
61.076	0.0042
61.483	0.0038
61.891	0.0033
62.298	0.00388
62.705	0.00304
63.112	0.00288
63.519	0.00322
63.927	0.00352
64.334	0.00259
64.741	0.00293
65.148	0.00259
65.555	0.00258
65.962	0.00246
66.37	0.00232
66.777	0.00235
67.184	0.00221
67.591	0.00198
67.998	0.0018
68.405	0.0023
68.813	0.00197
69.22	0.00182
69.627	0.00174
70.034	0.0015
70.441	0.0014
70.849	0.00148
71.256	0.00175
71.663	0.00172
72.07	0.00122
72.477	0.00127
72.884	0.00162
73.292	0.00111
73.699	0.00113
74.106	0.00127
74.513	0.00119
74.92	0.00104
75.327	0.00108
75.735	9.91836E-4
76.142	8.23987E-4
76.549	0.00108
76.956	8.08728E-4
77.363	9.00282E-4
77.77	7.7821E-4
78.178	7.62951E-4
78.585	0.00101
78.992	7.01915E-4
79.399	6.40879E-4
79.806	7.7821E-4
80.214	9.15541E-4
80.621	7.01915E-4
81.028	6.10361E-4
81.435	5.95102E-4
81.842	7.62951E-4
82.249	5.34066E-4
82.657	6.40879E-4
83.064	5.49325E-4
83.471	6.56138E-4
83.878	4.27253E-4
84.285	4.27253E-4
84.692	5.64584E-4
85.1	5.79843E-4
85.507	6.40879E-4
85.914	5.34066E-4
86.321	4.11994E-4
86.728	5.34066E-4
87.135	4.27253E-4
87.543	6.10361E-4
87.95	4.57771E-4
88.357	3.66217E-4
88.764	3.96735E-4
89.171	7.32433E-4
89.579	4.27253E-4
89.986	2.59403E-4
90.393	4.42512E-4
90.8	3.81476E-4
91.207	3.81476E-4
91.614	5.79843E-4
92.022	2.89921E-4
92.429	3.66217E-4
92.836	4.27253E-4
93.243	2.89921E-4
93.65	5.18807E-4
94.057	4.11994E-4
94.465	4.57771E-4
94.872	3.0518E-4
95.279	3.96735E-4
95.686	4.11994E-4
96.093	3.35698E-4
96.5	4.11994E-4
96.908	2.74662E-4
97.315	2.28885E-4
97.722	3.0518E-4
98.129	1.98367E-4
98.536	4.42512E-4
98.944	3.0518E-4
99.351	3.81476E-4
99.758	2.89921E-4
100.165	3.20439E-4
100.572	4.27253E-4
100.979	4.11994E-4
101.387	2.28885E-4
101.794	2.28885E-4
102.201	1.5259E-4
102.608	2.74662E-4
103.015	2.59403E-4
103.422	3.50958E-4
103.83	2.74662E-4
104.237	2.44144E-4
104.644	1.5259E-4
105.051	3.0518E-4
105.458	3.0518E-4
105.865	2.13626E-4
106.273	1.98367E-4
106.68	1.98367E-4
107.087	2.74662E-4
107.494	2.13626E-4
107.901	2.13626E-4
108.309	1.83108E-4
108.716	1.5259E-4
109.123	2.44144E-4
109.53	1.98367E-4
109.937	1.22072E-4
110.344	2.59403E-4
110.752	1.83108E-4
111.159	1.67849E-4
111.566	1.98367E-4
111.973	3.0518E-4
112.38	1.98367E-4
112.787	1.67849E-4
113.195	3.20439E-4
113.602	3.0518E-4
114.009	3.20439E-4
114.416	2.28885E-4
114.823	1.37331E-4
115.231	1.98367E-4
115.638	1.5259E-4
116.045	2.59403E-4
116.452	2.28885E-4
116.859	2.28885E-4
117.266	2.13626E-4
117.674	2.13626E-4
118.081	2.13626E-4
118.488	2.74662E-4
118.895	2.28885E-4
119.302	2.59403E-4
119.709	1.67849E-4
120.117	2.89921E-4
120.524	1.98367E-4
120.931	1.83108E-4
121.338	1.83108E-4
121.745	2.13626E-4
122.152	1.83108E-4
122.56	1.98367E-4
122.967	1.83108E-4
123.374	2.59403E-4
123.781	2.28885E-4
124.188	1.98367E-4
124.596	1.98367E-4
125.003	1.22072E-4
125.41	1.5259E-4
125.817	1.37331E-4
126.224	2.89921E-4
126.631	3.0518E-4
127.039	1.67849E-4
127.446	1.5259E-4
127.853	1.83108E-4
128.26	1.67849E-4
128.667	1.5259E-4
129.074	2.44144E-4
129.482	1.83108E-4
129.889	2.28885E-4
130.296	3.0518E-4
130.703	1.98367E-4
131.11	1.98367E-4
131.517	1.83108E-4
131.925	1.37331E-4
132.332	2.44144E-4
132.739	2.89921E-4
133.146	2.44144E-4
133.553	1.5259E-4
133.961	1.83108E-4
134.368	1.06813E-4
134.775	1.37331E-4
135.182	1.37331E-4
135.589	3.20439E-4
135.996	2.28885E-4
136.404	1.83108E-4
136.811	1.22072E-4
137.218	9.15541E-5
137.625	1.5259E-4
138.032	1.5259E-4
138.439	2.28885E-4
138.847	1.37331E-4
139.254	2.13626E-4
139.661	2.13626E-4
140.068	2.28885E-4
140.475	1.67849E-4
140.882	1.37331E-4
141.29	6.10361E-5
141.697	2.13626E-4
142.104	3.35698E-4
142.511	1.37331E-4
142.918	2.28885E-4
143.326	1.98367E-4
143.733	1.22072E-4
144.14	2.13626E-4
144.547	1.67849E-4
144.954	2.13626E-4
145.361	2.44144E-4
145.769	2.13626E-4
146.176	2.44144E-4
146.583	1.5259E-4
146.99	1.67849E-4
147.397	2.44144E-4
147.804	2.44144E-4
148.212	1.98367E-4
148.619	3.66217E-4
149.026	1.67849E-4
149.433	1.5259E-4
149.84	2.44144E-4
150.247	2.28885E-4
150.655	1.83108E-4
151.062	2.74662E-4
151.469	2.28885E-4
151.876	2.59403E-4
152.283	1.83108E-4
152.691	1.67849E-4
153.098	3.0518E-4
153.505	1.98367E-4
153.912	2.28885E-4
154.319	2.74662E-4
154.726	1.5259E-4
155.134	1.98367E-4
155.541	1.83108E-4
155.948	1.67849E-4
156.355	1.22072E-4
156.762	2.59403E-4
157.169	2.28885E-4
157.577	1.83108E-4
157.984	1.83108E-4
158.391	3.66217E-4
158.798	2.13626E-4
159.205	2.74662E-4
159.612	1.06813E-4
160.02	2.13626E-4
160.427	1.06813E-4
160.834	2.28885E-4
161.241	2.13626E-4
161.648	1.22072E-4
162.056	1.98367E-4
162.463	1.37331E-4
162.87	2.89921E-4
163.277	2.13626E-4
163.684	2.13626E-4
164.091	1.67849E-4
164.499	1.67849E-4
164.906	2.59403E-4
165.313	1.83108E-4
165.72	1.06813E-4
166.127	1.98367E-4
166.534	1.98367E-4
166.942	1.5259E-4
167.349	1.98367E-4
167.756	2.59403E-4
168.163	1.37331E-4
168.57	2.44144E-4
168.978	3.0518E-4
169.385	1.5259E-4
169.792	1.06813E-4
170.199	2.44144E-4
170.606	1.67849E-4
171.013	1.5259E-4
171.421	1.22072E-4
171.828	2.13626E-4
172.235	2.13626E-4
172.642	2.13626E-4
173.049	2.13626E-4
173.456	1.5259E-4
173.864	1.83108E-4
174.271	1.98367E-4
174.678	1.37331E-4
175.085	1.83108E-4
175.492	2.28885E-4
175.899	1.06813E-4
176.307	1.37331E-4
176.714	3.0518E-4
177.121	9.15541E-5
177.528	1.5259E-4
177.935	1.98367E-4
178.343	1.37331E-4
178.75	2.44144E-4
179.157	1.98367E-4
179.564	3.0518E-4
179.971	1.37331E-4
180.378	1.5259E-4
180.786	2.59403E-4
181.193	1.06813E-4
181.6	1.5259E-4
182.007	2.44144E-4
182.414	2.44144E-4
182.821	2.89921E-4
183.229	1.83108E-4
183.636	2.59403E-4
184.043	2.28885E-4
184.45	2.13626E-4
184.857	2.13626E-4
185.264	9.15541E-5
185.672	2.28885E-4
186.079	2.59403E-4
186.486	1.67849E-4
186.893	2.59403E-4
187.3	2.28885E-4
187.708	3.20439E-4
188.115	2.74662E-4
188.522	2.13626E-4
188.929	2.28885E-4
189.336	1.5259E-4
189.743	2.74662E-4
190.151	1.98367E-4
190.558	1.5259E-4
190.965	2.89921E-4
191.372	3.0518E-4
191.779	2.28885E-4
192.186	1.98367E-4
192.594	3.96735E-4
193.001	1.37331E-4
193.408	2.13626E-4
193.815	2.59403E-4
194.222	2.74662E-4
194.629	2.28885E-4
195.037	1.83108E-4
195.444	1.98367E-4
195.851	2.44144E-4
196.258	2.59403E-4
196.665	2.74662E-4
197.073	2.44144E-4
197.48	2.13626E-4
197.887	1.37331E-4
198.294	2.59403E-4
198.701	2.44144E-4
199.108	2.74662E-4
199.516	2.74662E-4
199.923	2.59403E-4
200.33	2.44144E-4
200.737	2.13626E-4
201.144	2.74662E-4
201.551	2.59403E-4
201.959	2.74662E-4
202.366	1.83108E-4
202.773	1.98367E-4
203.18	3.20439E-4
203.587	1.98367E-4
203.994	2.28885E-4
204.402	2.13626E-4
204.809	1.5259E-4
205.216	2.13626E-4
205.623	2.28885E-4
206.03	1.06813E-4
206.438	2.59403E-4
206.845	1.98367E-4
207.252	2.74662E-4
207.659	1.83108E-4
208.066	1.67849E-4
208.473	1.5259E-4
208.881	2.74662E-4
209.288	1.98367E-4
209.695	2.44144E-4
210.102	1.83108E-4
210.509	2.59403E-4
210.916	1.67849E-4
211.324	1.22072E-4
211.731	2.59403E-4
212.138	1.37331E-4
212.545	1.22072E-4
212.952	2.44144E-4
213.359	2.74662E-4
213.767	1.22072E-4
214.174	9.15541E-5
214.581	1.5259E-4
214.988	1.83108E-4
215.395	1.37331E-4
215.803	2.28885E-4
216.21	1.98367E-4
216.617	1.5259E-4
217.024	2.28885E-4
217.431	1.83108E-4
217.838	1.83108E-4
218.246	2.13626E-4
218.653	2.28885E-4
219.06	1.37331E-4
219.467	1.37331E-4
219.874	1.06813E-4
220.281	2.74662E-4
220.689	2.59403E-4
221.096	1.06813E-4
221.503	1.83108E-4
221.91	1.83108E-4
222.317	2.13626E-4
222.725	4.57771E-5
223.132	1.67849E-4
223.539	1.67849E-4
223.946	1.06813E-4
224.353	2.44144E-4
224.76	1.67849E-4
225.168	9.15541E-5
225.575	1.67849E-4
225.982	2.13626E-4
226.389	1.5259E-4
226.796	1.98367E-4
227.203	1.22072E-4
227.611	9.15541E-5
228.018	1.83108E-4
228.425	1.98367E-4
228.832	2.13626E-4
229.239	2.44144E-4
229.646	1.67849E-4
230.054	1.5259E-4
230.461	2.13626E-4
230.868	1.67849E-4
231.275	1.67849E-4
231.682	1.67849E-4
232.09	1.67849E-4
232.497	1.06813E-4
232.904	1.22072E-4
233.311	9.15541E-5
233.718	1.98367E-4
234.125	1.98367E-4
234.533	1.67849E-4
234.94	2.74662E-4
235.347	1.37331E-4
235.754	1.98367E-4
236.161	1.83108E-4
236.568	1.98367E-4
236.976	1.5259E-4
237.383	2.13626E-4
237.79	1.5259E-4
238.197	1.67849E-4
238.604	1.83108E-4
239.011	1.5259E-4
239.419	1.06813E-4
239.826	1.37331E-4
240.233	1.83108E-4
240.64	2.89921E-4
241.047	2.59403E-4
241.455	2.74662E-4
241.862	1.83108E-4
242.269	2.13626E-4
242.676	2.28885E-4
243.083	1.98367E-4
243.49	1.5259E-4
243.898	1.5259E-4
244.305	1.5259E-4
244.712	2.74662E-4
245.119	1.5259E-4
245.526	1.67849E-4
245.933	6.10361E-5
246.341	1.67849E-4
246.748	1.37331E-4
247.155	1.83108E-4
247.562	2.89921E-4
247.969	1.5259E-4
248.376	1.37331E-4
248.784	1.98367E-4
249.191	2.74662E-4
249.598	1.06813E-4
250.005	2.13626E-4
250.412	2.28885E-4
250.82	1.98367E-4
251.227	1.98367E-4
251.634	1.22072E-4
252.041	2.44144E-4
252.448	2.13626E-4
252.855	2.13626E-4
253.263	1.67849E-4
253.67	2.59403E-4
254.077	1.83108E-4
254.484	1.83108E-4
254.891	1.67849E-4
255.298	9.15541E-5
255.706	1.83108E-4
256.113	4.57771E-5
256.52	1.06813E-4
256.927	1.83108E-4
257.334	1.22072E-4
257.741	1.98367E-4
258.149	1.5259E-4
258.556	2.13626E-4
258.963	1.67849E-4
259.37	1.67849E-4
259.777	1.98367E-4
260.185	1.5259E-4
260.592	2.13626E-4
260.999	2.44144E-4
261.406	2.13626E-4
261.813	1.5259E-4
262.22	2.44144E-4
262.628	1.83108E-4
263.035	9.15541E-5
263.442	1.22072E-4
263.849	1.37331E-4
264.256	1.5259E-4
264.663	1.83108E-4
265.071	1.37331E-4
265.478	1.5259E-4
265.885	1.98367E-4
266.292	1.37331E-4
266.699	1.5259E-4
267.107	2.44144E-4
267.514	1.06813E-4
267.921	1.98367E-4
268.328	2.28885E-4
268.735	2.28885E-4
269.142	1.98367E-4
269.55	1.5259E-4
269.957	2.13626E-4
270.364	2.13626E-4
270.771	1.5259E-4
271.178	2.28885E-4
271.585	1.67849E-4
271.993	1.06813E-4
272.4	2.13626E-4
272.807	1.83108E-4
273.214	2.13626E-4
273.621	1.06813E-4
274.028	1.37331E-4
274.436	1.06813E-4
274.843	1.22072E-4
275.25	2.28885E-4
275.657	2.44144E-4
276.064	1.67849E-4
276.472	1.67849E-4
276.879	1.5259E-4
277.286	1.83108E-4
277.693	1.5259E-4
278.1	1.67849E-4
278.507	1.67849E-4
278.915	1.06813E-4
279.322	7.62951E-5
279.729	1.83108E-4
280.136	2.13626E-4
280.543	1.22072E-4
280.95	1.22072E-4
281.358	1.67849E-4
281.765	2.44144E-4
282.172	1.67849E-4
282.579	1.5259E-4
282.986	1.67849E-4
283.393	2.28885E-4
283.801	1.83108E-4
284.208	1.98367E-4
284.615	2.13626E-4
285.022	1.37331E-4
285.429	1.83108E-4
285.837	1.37331E-4
286.244	1.83108E-4
286.651	1.5259E-4
287.058	1.22072E-4
287.465	1.67849E-4
287.872	2.44144E-4
288.28	1.83108E-4
288.687	1.37331E-4
289.094	1.67849E-4
289.501	1.5259E-4
289.908	1.83108E-4
290.315	1.06813E-4
290.723	1.37331E-4
291.13	1.5259E-4
291.537	2.13626E-4
291.944	2.13626E-4
292.351	1.67849E-4
292.758	9.15541E-5
293.166	1.83108E-4
293.573	1.98367E-4
293.98	1.5259E-4
294.387	1.83108E-4
294.794	2.74662E-4
295.202	4.57771E-5
295.609	2.44144E-4
296.016	1.5259E-4
296.423	1.98367E-4
296.83	1.98367E-4
297.237	1.37331E-4
297.645	1.37331E-4
298.052	2.28885E-4
298.459	1.5259E-4
298.866	2.13626E-4
299.273	3.20439E-4
299.68	2.13626E-4
300.088	1.22072E-4
300.495	2.28885E-4
300.902	1.83108E-4
301.309	2.59403E-4
301.716	1.67849E-4
302.123	1.5259E-4
302.531	2.28885E-4
302.938	1.98367E-4
303.345	1.98367E-4
303.752	1.98367E-4
304.159	1.37331E-4
304.567	1.67849E-4
304.974	1.5259E-4
305.381	1.37331E-4
305.788	1.22072E-4
306.195	1.83108E-4
306.602	1.37331E-4
307.01	2.13626E-4
307.417	1.83108E-4
307.824	1.37331E-4
308.231	1.98367E-4
308.638	2.13626E-4
309.045	2.28885E-4
309.453	2.74662E-4
309.86	2.28885E-4
310.267	1.83108E-4
310.674	1.5259E-4
311.081	3.20439E-4
311.488	2.13626E-4
311.896	1.67849E-4
312.303	1.98367E-4
312.71	1.5259E-4
313.117	1.5259E-4
313.524	7.62951E-5
313.932	1.37331E-4
314.339	1.5259E-4
314.746	2.13626E-4
315.153	1.22072E-4
315.56	2.13626E-4
315.967	1.83108E-4
316.375	2.13626E-4
316.782	9.15541E-5
317.189	1.83108E-4
317.596	1.5259E-4
318.003	2.89921E-4
318.41	1.83108E-4
318.818	1.5259E-4
319.225	2.28885E-4
319.632	2.89921E-4
320.039	1.5259E-4
320.446	1.22072E-4
320.854	1.37331E-4
321.261	1.83108E-4
321.668	1.22072E-4
322.075	1.67849E-4
322.482	1.5259E-4
322.889	2.28885E-4
323.297	1.67849E-4
323.704	1.5259E-4
324.111	1.37331E-4
324.518	1.83108E-4
324.925	1.83108E-4
325.332	2.13626E-4
325.74	9.15541E-5
326.147	1.83108E-4
326.554	1.06813E-4
326.961	1.67849E-4
327.368	2.59403E-4
327.775	1.83108E-4
328.183	2.89921E-4
328.59	2.89921E-4
328.997	1.98367E-4
329.404	2.89921E-4
329.811	1.5259E-4
330.219	1.37331E-4
330.626	1.83108E-4
331.033	2.59403E-4
331.44	1.98367E-4
331.847	1.06813E-4
332.254	1.67849E-4
332.662	2.44144E-4
333.069	1.98367E-4
333.476	2.28885E-4
333.883	2.44144E-4
334.29	9.15541E-5
334.697	1.67849E-4
335.105	1.98367E-4
335.512	1.22072E-4
335.919	1.37331E-4
336.326	1.67849E-4
336.733	1.83108E-4
337.14	2.13626E-4
337.548	1.83108E-4
337.955	1.22072E-4
338.362	1.67849E-4
338.769	1.22072E-4
339.176	2.13626E-4
339.584	1.67849E-4
339.991	1.5259E-4
340.398	2.13626E-4
340.805	3.35698E-4
341.212	1.67849E-4
341.619	1.22072E-4
342.027	1.5259E-4
342.434	1.22072E-4
342.841	1.67849E-4
343.248	2.13626E-4
343.655	1.5259E-4
344.062	1.06813E-4
344.47	1.22072E-4
344.877	1.67849E-4
345.284	2.13626E-4
345.691	1.67849E-4
346.098	1.5259E-4
346.505	1.06813E-4
346.913	1.98367E-4
347.32	2.44144E-4
347.727	2.13626E-4
348.134	1.22072E-4
348.541	2.13626E-4
348.949	1.83108E-4
349.356	1.5259E-4
349.763	1.5259E-4
350.17	1.98367E-4
350.577	1.98367E-4
350.984	1.67849E-4
351.392	1.37331E-4
351.799	1.83108E-4
352.206	2.59403E-4
352.613	1.5259E-4
353.02	9.15541E-5
353.427	1.98367E-4
353.835	2.13626E-4
354.242	2.13626E-4
354.649	9.15541E-5
355.056	1.98367E-4
355.463	1.67849E-4
355.87	2.44144E-4
356.278	1.37331E-4
356.685	1.67849E-4
357.092	2.59403E-4
357.499	1.22072E-4
357.906	2.13626E-4
358.314	1.37331E-4
358.721	1.37331E-4
359.128	2.28885E-4
359.535	2.13626E-4
359.942	1.83108E-4
360.349	1.83108E-4
360.757	1.98367E-4
361.164	1.67849E-4
361.571	9.15541E-5
361.978	1.22072E-4
362.385	1.98367E-4
362.792	1.22072E-4
363.2	2.74662E-4
363.607	9.15541E-5
364.014	9.15541E-5
364.421	1.83108E-4
364.828	1.98367E-4
365.236	2.28885E-4
365.643	1.22072E-4
366.05	1.5259E-4
366.457	2.44144E-4
366.864	1.06813E-4
367.271	2.59403E-4
367.679	1.98367E-4
368.086	7.62951E-5
368.493	2.28885E-4
368.9	1.83108E-4
369.307	2.13626E-4
369.714	1.67849E-4
370.122	1.83108E-4
370.529	1.37331E-4
370.936	2.44144E-4
371.343	1.98367E-4
371.75	2.13626E-4
372.157	2.13626E-4
372.565	2.13626E-4
372.972	1.83108E-4
373.379	2.28885E-4
373.786	9.15541E-5
374.193	9.15541E-5
374.601	1.37331E-4
375.008	2.28885E-4
375.415	9.15541E-5
375.822	2.28885E-4
376.229	2.13626E-4
376.636	1.67849E-4
377.044	1.5259E-4
377.451	1.83108E-4
377.858	1.37331E-4
378.265	1.67849E-4
378.672	2.44144E-4
379.079	2.74662E-4
379.487	2.59403E-4
379.894	9.15541E-5
380.301	1.22072E-4
380.708	2.44144E-4
381.115	1.5259E-4
381.522	1.98367E-4
381.93	1.5259E-4
382.337	2.44144E-4
382.744	1.5259E-4
383.151	2.74662E-4
383.558	2.28885E-4
383.966	9.15541E-5
384.373	1.67849E-4
384.78	1.67849E-4
385.187	1.22072E-4
385.594	6.10361E-5
386.001	1.22072E-4
386.409	1.98367E-4
386.816	2.13626E-4
387.223	1.83108E-4
387.63	1.83108E-4
388.037	2.59403E-4
388.444	1.67849E-4
388.852	1.67849E-4
389.259	1.67849E-4
389.666	1.37331E-4
390.073	1.37331E-4
390.48	2.13626E-4
390.887	7.62951E-5
391.295	1.5259E-4
391.702	1.67849E-4
392.109	1.83108E-4
392.516	1.5259E-4
392.923	2.13626E-4
393.331	1.98367E-4
393.738	2.28885E-4
394.145	2.59403E-4
394.552	1.06813E-4
394.959	1.98367E-4
395.366	1.98367E-4
395.774	2.59403E-4
396.181	2.13626E-4
396.588	2.13626E-4
396.995	2.28885E-4
397.402	1.5259E-4
397.809	1.67849E-4
398.217	1.5259E-4
398.624	2.28885E-4
399.031	1.67849E-4
399.438	1.06813E-4
399.845	1.06813E-4
400.252	7.62951E-5
400.66	3.20439E-4
401.067	2.28885E-4
401.474	2.74662E-4
401.881	1.67849E-4
402.288	1.98367E-4
402.696	2.28885E-4
403.103	1.67849E-4
403.51	2.44144E-4
403.917	2.28885E-4
404.324	1.98367E-4
404.731	9.15541E-5
405.139	2.44144E-4
405.546	1.98367E-4
405.953	2.13626E-4
406.36	1.98367E-4
406.767	1.83108E-4
407.174	2.28885E-4
407.582	1.06813E-4
407.989	1.98367E-4
408.396	1.5259E-4
408.803	1.83108E-4
409.21	1.83108E-4
409.617	2.13626E-4
410.025	1.98367E-4
410.432	1.5259E-4
410.839	1.5259E-4
411.246	2.13626E-4
411.653	2.44144E-4
412.061	1.98367E-4
412.468	1.06813E-4
412.875	1.06813E-4
413.282	2.13626E-4
413.689	2.28885E-4
414.096	2.89921E-4
414.504	1.67849E-4
414.911	2.74662E-4
415.318	1.5259E-4
415.725	1.5259E-4
416.132	1.37331E-4
416.539	3.35698E-4
416.947	2.59403E-4
417.354	1.98367E-4
417.761	1.83108E-4
418.168	1.83108E-4
418.575	2.59403E-4
418.983	2.28885E-4
419.39	1.37331E-4
419.797	2.28885E-4
420.204	1.98367E-4
420.611	1.37331E-4
421.018	1.22072E-4
421.426	1.5259E-4
421.833	1.67849E-4
422.24	2.28885E-4
422.647	1.06813E-4
423.054	1.83108E-4
423.461	2.13626E-4
423.869	1.98367E-4
424.276	1.67849E-4
424.683	1.98367E-4
425.09	1.67849E-4
425.497	2.28885E-4
425.904	1.83108E-4
426.312	2.13626E-4
426.719	1.67849E-4
427.126	2.74662E-4
427.533	2.74662E-4
427.94	1.83108E-4
428.348	2.28885E-4
428.755	1.67849E-4
429.162	1.67849E-4
429.569	2.44144E-4
429.976	1.67849E-4
430.383	1.83108E-4
430.791	2.28885E-4
431.198	1.5259E-4
431.605	2.44144E-4
432.012	1.22072E-4
432.419	1.83108E-4
432.826	1.67849E-4
433.234	2.44144E-4
433.641	1.67849E-4
434.048	1.37331E-4
434.455	2.59403E-4
434.862	2.28885E-4
435.269	1.83108E-4
435.677	1.67849E-4
436.084	1.5259E-4
436.491	2.59403E-4
436.898	1.83108E-4
437.305	1.67849E-4
437.713	3.20439E-4
438.12	2.28885E-4
438.527	1.37331E-4
438.934	2.28885E-4
439.341	1.83108E-4
439.748	2.44144E-4
440.156	2.13626E-4
440.563	2.59403E-4
440.97	1.67849E-4
441.377	1.83108E-4
441.784	1.22072E-4
442.191	2.28885E-4
442.599	2.89921E-4
443.006	3.35698E-4
443.413	2.28885E-4
443.82	1.67849E-4
444.227	1.83108E-4
444.634	1.67849E-4
445.042	2.13626E-4
445.449	2.28885E-4
445.856	1.83108E-4
446.263	1.67849E-4
446.67	2.13626E-4
447.078	1.83108E-4
447.485	3.50958E-4
447.892	1.67849E-4
448.299	2.89921E-4
448.706	1.5259E-4
449.113	1.83108E-4
449.521	1.5259E-4
449.928	2.59403E-4
450.335	1.37331E-4
450.742	1.37331E-4
451.149	2.74662E-4
451.556	1.98367E-4
451.964	2.28885E-4
452.371	1.98367E-4
452.778	0
453.185	0
453.592	0
453.999	0
454.407	0
454.814	0
455.221	0
455.628	0
456.035	0
456.443	0
456.85	0
457.257	0
457.664	0
458.071	0
458.478	0
458.886	0
459.293	0
459.7	0
460.107	0
460.514	0
460.921	0
461.329	0
461.736	0
462.143	0
462.55	0
462.957	0
463.364	0
463.772	0
464.179	0
464.586	0
464.993	0
465.4	0
465.808	0
466.215	0
466.622	0
467.029	0
467.436	0
467.843	0
468.251	0
468.658	0
469.065	0
469.472	0
469.879	0
470.286	0
470.694	0
471.101	0
471.508	0
471.915	0
472.322	0
472.73	0
473.137	0
473.544	0
473.951	0
474.358	0
474.765	0
475.173	0
475.58	0
475.987	0
476.394	0
476.801	0
477.208	0
477.616	0
478.023	0
478.43	0
478.837	0
479.244	0
479.651	0
480.059	0
480.466	0
480.873	0
481.28	0
481.687	0
482.095	0
482.502	0
482.909	0
483.316	0
483.723	0
484.13	0
484.538	0
484.945	0
485.352	0
485.759	0
486.166	0
486.573	0
486.981	0
487.388	0
487.795	0
488.202	0
488.609	0
489.016	0
489.424	0
489.831	0
490.238	0
490.645	0
491.052	0
491.46	0
491.867	0
492.274	0
492.681	0
493.088	0
493.495	0
493.903	0
494.31	0
494.717	0
495.124	0
495.531	0
495.938	0
496.346	0
496.753	0
497.16	0
497.567	0
497.974	0
498.381	0
498.789	0
499.196	0
499.603	0
500.01	0
500.417	0
500.825	0
501.232	0
501.639	0
502.046	0
502.453	0
502.86	0
503.268	0
503.675	0
504.082	0
504.489	0
504.896	0
505.303	0
505.711	0
506.118	0
506.525	0
506.932	0
507.339	0
507.746	0
508.154	0
508.561	0
508.968	0
509.375	0
509.782	0
510.19	0
510.597	0
511.004	0
511.411	0
511.818	0
512.225	0
512.633	0
513.04	0
513.447	0
513.854	0
514.261	0
514.668	0
515.076	0
515.483	0
515.89	0
516.297	0
516.704	0
517.112	0
517.519	0
517.926	0
518.333	0
518.74	0
519.147	0
519.555	0
519.962	0
520.369	0
520.776	0
521.183	0
521.59	0
521.998	0
522.405	0
522.812	0
523.219	0
523.626	0
524.033	0
524.441	0
524.848	0
525.255	0
525.662	0
526.069	0
526.477	0
526.884	0
527.291	0
527.698	0
528.105	0
528.512	0
528.92	0
529.327	0
529.734	0
530.141	0
530.548	0
530.955	0
531.363	0
531.77	0
532.177	0
532.584	0
532.991	0
533.398	0
533.806	0
534.213	0
534.62	0
535.027	0
535.434	0
535.842	0
536.249	0
536.656	0
537.063	0
537.47	0
537.877	0
538.285	0
538.692	0
539.099	0
539.506	0
539.913	0
540.32	0
540.728	0
541.135	0
541.542	0
541.949	0
542.356	0
542.763	0
543.171	0
543.578	0
543.985	0
544.392	0
544.799	0
545.207	0
545.614	0
546.021	0
546.428	0
546.835	0
547.242	0
547.65	0
548.057	0
548.464	0
548.871	0
549.278	0
549.685	0
550.093	0
