-1100.999	0
-1100.592	0
-1100.185	0
-1099.778	0
-1099.371	0
-1098.964	0
-1098.556	0
-1098.149	0
-1097.742	0
-1097.335	0
-1096.928	0
-1096.521	0
-1096.113	0
-1095.706	0
-1095.299	0
-1094.892	0
-1094.485	0
-1094.078	0
-1093.67	0
-1093.263	0
-1092.856	0
-1092.449	0
-1092.042	0
-1091.634	0
-1091.227	0
-1090.82	0
-1090.413	0
-1090.006	0
-1089.599	0
-1089.191	0
-1088.784	0
-1088.377	0
-1087.97	0
-1087.563	0
-1087.156	0
-1086.748	0
-1086.341	0
-1085.934	0
-1085.527	0
-1085.12	0
-1084.713	0
-1084.305	0
-1083.898	0
-1083.491	0
-1083.084	0
-1082.677	0
-1082.269	0
-1081.862	0
-1081.455	0
-1081.048	0
-1080.641	0
-1080.234	0
-1079.826	0
-1079.419	0
-1079.012	0
-1078.605	0
-1078.198	0
-1077.791	0
-1077.383	0
-1076.976	0
-1076.569	0
-1076.162	0
-1075.755	0
-1075.347	0
-1074.94	0
-1074.533	0
-1074.126	0
-1073.719	0
-1073.312	0
-1072.904	0
-1072.497	0
-1072.09	0
-1071.683	0
-1071.276	0
-1070.869	0
-1070.461	0
-1070.054	0
-1069.647	0
-1069.24	0
-1068.833	0
-1068.426	0
-1068.018	0
-1067.611	0
-1067.204	0
-1066.797	0
-1066.39	0
-1065.982	0
-1065.575	0
-1065.168	0
-1064.761	0
-1064.354	0
-1063.947	0
-1063.539	0
-1063.132	0
-1062.725	0
-1062.318	0
-1061.911	0
-1061.504	0
-1061.096	0
-1060.689	0
-1060.282	0
-1059.875	0
-1059.468	0
-1059.061	0
-1058.653	0
-1058.246	0
-1057.839	0
-1057.432	0
-1057.025	0
-1056.617	0
-1056.21	0
-1055.803	0
-1055.396	0
-1054.989	0
-1054.582	0
-1054.174	0
-1053.767	0
-1053.36	0
-1052.953	0
-1052.546	0
-1052.139	0
-1051.731	0
-1051.324	0
-1050.917	0
-1050.51	0
-1050.103	0
-1049.696	0
-1049.288	0
-1048.881	0
-1048.474	0
-1048.067	0
-1047.66	0
-1047.252	0
-1046.845	0
-1046.438	0
-1046.031	0
-1045.624	0
-1045.217	0
-1044.809	0
-1044.402	0
-1043.995	0
-1043.588	0
-1043.181	0
-1042.774	0
-1042.366	0
-1041.959	0
-1041.552	0
-1041.145	0
-1040.738	0
-1040.331	0
-1039.923	0
-1039.516	0
-1039.109	0
-1038.702	0
-1038.295	0
-1037.887	0
-1037.48	0
-1037.073	2.74662E-4
-1036.666	2.74662E-4
-1036.259	2.44144E-4
-1035.852	2.44144E-4
-1035.444	3.66217E-4
-1035.037	3.50958E-4
-1034.63	2.89921E-4
-1034.223	3.50958E-4
-1033.816	3.66217E-4
-1033.409	2.28885E-4
-1033.001	3.35698E-4
-1032.594	2.89921E-4
-1032.187	3.66217E-4
-1031.78	2.59403E-4
-1031.373	3.96735E-4
-1030.966	2.89921E-4
-1030.558	2.28885E-4
-1030.151	2.74662E-4
-1029.744	2.74662E-4
-1029.337	3.0518E-4
-1028.93	3.20439E-4
-1028.522	3.20439E-4
-1028.115	4.88289E-4
-1027.708	3.50958E-4
-1027.301	2.89921E-4
-1026.894	3.50958E-4
-1026.487	3.66217E-4
-1026.079	2.44144E-4
-1025.672	3.66217E-4
-1025.265	2.89921E-4
-1024.858	2.59403E-4
-1024.451	2.44144E-4
-1024.044	2.28885E-4
-1023.636	4.57771E-4
-1023.229	2.28885E-4
-1022.822	3.96735E-4
-1022.415	4.57771E-4
-1022.008	3.35698E-4
-1021.6	2.89921E-4
-1021.193	1.83108E-4
-1020.786	2.89921E-4
-1020.379	3.66217E-4
-1019.972	3.66217E-4
-1019.565	3.20439E-4
-1019.157	3.20439E-4
-1018.75	4.11994E-4
-1018.343	2.74662E-4
-1017.936	3.35698E-4
-1017.529	2.89921E-4
-1017.122	3.20439E-4
-1016.714	3.35698E-4
-1016.307	2.89921E-4
-1015.9	2.74662E-4
-1015.493	2.89921E-4
-1015.086	2.59403E-4
-1014.679	3.50958E-4
-1014.271	3.81476E-4
-1013.864	2.74662E-4
-1013.457	2.44144E-4
-1013.05	3.66217E-4
-1012.643	1.98367E-4
-1012.235	3.20439E-4
-1011.828	4.27253E-4
-1011.421	2.74662E-4
-1011.014	2.44144E-4
-1010.607	2.13626E-4
-1010.2	3.96735E-4
-1009.792	3.35698E-4
-1009.385	3.35698E-4
-1008.978	3.20439E-4
-1008.571	3.81476E-4
-1008.164	3.20439E-4
-1007.757	2.89921E-4
-1007.349	3.66217E-4
-1006.942	3.0518E-4
-1006.535	2.28885E-4
-1006.128	3.81476E-4
-1005.721	3.66217E-4
-1005.314	1.98367E-4
-1004.906	2.59403E-4
-1004.499	4.11994E-4
-1004.092	2.44144E-4
-1003.685	3.35698E-4
-1003.278	2.89921E-4
-1002.87	3.35698E-4
-1002.463	3.0518E-4
-1002.056	3.66217E-4
-1001.649	2.74662E-4
-1001.242	2.28885E-4
-1000.835	2.28885E-4
-1000.427	4.11994E-4
-1000.02	1.83108E-4
-999.613	4.11994E-4
-999.206	3.50958E-4
-998.799	3.66217E-4
-998.392	2.59403E-4
-997.984	3.50958E-4
-997.577	2.74662E-4
-997.17	4.27253E-4
-996.763	2.74662E-4
-996.356	3.0518E-4
-995.949	3.50958E-4
-995.541	1.22072E-4
-995.134	2.89921E-4
-994.727	3.81476E-4
-994.32	3.20439E-4
-993.913	1.83108E-4
-993.505	5.18807E-4
-993.098	2.74662E-4
-992.691	2.59403E-4
-992.284	2.74662E-4
-991.877	3.0518E-4
-991.47	2.89921E-4
-991.062	2.89921E-4
-990.655	2.28885E-4
-990.248	3.35698E-4
-989.841	3.81476E-4
-989.434	2.59403E-4
-989.027	3.0518E-4
-988.619	3.66217E-4
-988.212	2.44144E-4
-987.805	2.59403E-4
-987.398	2.59403E-4
-986.991	2.59403E-4
-986.584	3.35698E-4
-986.176	2.59403E-4
-985.769	3.96735E-4
-985.362	2.89921E-4
-984.955	2.28885E-4
-984.548	2.74662E-4
-984.14	2.13626E-4
-983.733	3.20439E-4
-983.326	2.59403E-4
-982.919	3.20439E-4
-982.512	1.83108E-4
-982.105	3.81476E-4
-981.697	3.50958E-4
-981.29	3.0518E-4
-980.883	3.20439E-4
-980.476	3.0518E-4
-980.069	2.44144E-4
-979.662	3.96735E-4
-979.254	3.96735E-4
-978.847	3.50958E-4
-978.44	2.74662E-4
-978.033	2.89921E-4
-977.626	2.44144E-4
-977.219	2.89921E-4
-976.811	2.59403E-4
-976.404	3.96735E-4
-975.997	3.35698E-4
-975.59	2.59403E-4
-975.183	3.35698E-4
-974.775	4.11994E-4
-974.368	2.28885E-4
-973.961	2.59403E-4
-973.554	3.66217E-4
-973.147	2.59403E-4
-972.74	1.83108E-4
-972.332	3.81476E-4
-971.925	2.59403E-4
-971.518	2.44144E-4
-971.111	2.89921E-4
-970.704	3.66217E-4
-970.297	3.35698E-4
-969.889	3.35698E-4
-969.482	2.44144E-4
-969.075	1.83108E-4
-968.668	2.74662E-4
-968.261	3.0518E-4
-967.853	1.98367E-4
-967.446	2.44144E-4
-967.039	2.28885E-4
-966.632	3.35698E-4
-966.225	1.5259E-4
-965.818	3.96735E-4
-965.41	3.35698E-4
-965.003	3.0518E-4
-964.596	3.35698E-4
-964.189	2.74662E-4
-963.782	3.66217E-4
-963.375	2.28885E-4
-962.967	3.50958E-4
-962.56	3.50958E-4
-962.153	3.50958E-4
-961.746	2.59403E-4
-961.339	2.89921E-4
-960.932	1.98367E-4
-960.524	3.20439E-4
-960.117	2.44144E-4
-959.71	2.13626E-4
-959.303	3.0518E-4
-958.896	2.59403E-4
-958.488	2.28885E-4
-958.081	2.59403E-4
-957.674	3.66217E-4
-957.267	3.66217E-4
-956.86	4.27253E-4
-956.453	2.74662E-4
-956.045	1.37331E-4
-955.638	2.59403E-4
-955.231	2.89921E-4
-954.824	2.89921E-4
-954.417	4.7303E-4
-954.01	2.13626E-4
-953.602	3.66217E-4
-953.195	3.0518E-4
-952.788	2.89921E-4
-952.381	3.0518E-4
-951.974	2.44144E-4
-951.567	2.74662E-4
-951.159	2.59403E-4
-950.752	3.50958E-4
-950.345	3.0518E-4
-949.938	3.20439E-4
-949.531	3.50958E-4
-949.123	2.44144E-4
-948.716	3.66217E-4
-948.309	2.74662E-4
-947.902	3.0518E-4
-947.495	2.13626E-4
-947.088	3.0518E-4
-946.68	3.20439E-4
-946.273	3.50958E-4
-945.866	2.44144E-4
-945.459	1.98367E-4
-945.052	2.28885E-4
-944.645	1.83108E-4
-944.237	2.44144E-4
-943.83	3.35698E-4
-943.423	2.89921E-4
-943.016	3.50958E-4
-942.609	2.59403E-4
-942.202	2.74662E-4
-941.794	1.98367E-4
-941.387	2.89921E-4
-940.98	4.42512E-4
-940.573	2.44144E-4
-940.166	2.13626E-4
-939.758	2.28885E-4
-939.351	2.13626E-4
-938.944	3.0518E-4
-938.537	3.20439E-4
-938.13	3.20439E-4
-937.723	2.74662E-4
-937.315	2.44144E-4
-936.908	4.11994E-4
-936.501	3.35698E-4
-936.094	3.20439E-4
-935.687	3.20439E-4
-935.28	3.0518E-4
-934.872	3.0518E-4
-934.465	3.0518E-4
-934.058	2.44144E-4
-933.651	3.20439E-4
-933.244	1.67849E-4
-932.837	2.74662E-4
-932.429	3.35698E-4
-932.022	2.13626E-4
-931.615	2.44144E-4
-931.208	1.67849E-4
-930.801	2.89921E-4
-930.393	2.59403E-4
-929.986	3.81476E-4
-929.579	3.35698E-4
-929.172	2.59403E-4
-928.765	3.66217E-4
-928.358	3.81476E-4
-927.95	2.89921E-4
-927.543	3.50958E-4
-927.136	2.59403E-4
-926.729	3.81476E-4
-926.322	1.67849E-4
-925.915	3.35698E-4
-925.507	3.20439E-4
-925.1	3.20439E-4
-924.693	3.20439E-4
-924.286	2.74662E-4
-923.879	2.13626E-4
-923.471	2.89921E-4
-923.064	2.59403E-4
-922.657	2.13626E-4
-922.25	2.13626E-4
-921.843	4.42512E-4
-921.436	3.20439E-4
-921.028	3.66217E-4
-920.621	4.27253E-4
-920.214	1.98367E-4
-919.807	2.44144E-4
-919.4	2.59403E-4
-918.993	2.59403E-4
-918.585	2.89921E-4
-918.178	2.28885E-4
-917.771	3.96735E-4
-917.364	2.59403E-4
-916.957	1.67849E-4
-916.55	3.81476E-4
-916.142	2.74662E-4
-915.735	5.03548E-4
-915.328	2.28885E-4
-914.921	2.44144E-4
-914.514	3.0518E-4
-914.106	3.35698E-4
-913.699	2.13626E-4
-913.292	3.50958E-4
-912.885	3.50958E-4
-912.478	2.59403E-4
-912.071	2.59403E-4
-911.663	3.0518E-4
-911.256	2.13626E-4
-910.849	3.66217E-4
-910.442	2.74662E-4
-910.035	2.74662E-4
-909.628	2.89921E-4
-909.22	2.59403E-4
-908.813	3.0518E-4
-908.406	3.35698E-4
-907.999	4.11994E-4
-907.592	3.81476E-4
-907.185	2.44144E-4
-906.777	2.89921E-4
-906.37	3.50958E-4
-905.963	3.96735E-4
-905.556	3.66217E-4
-905.149	3.20439E-4
-904.741	2.89921E-4
-904.334	3.20439E-4
-903.927	3.0518E-4
-903.52	3.66217E-4
-903.113	2.74662E-4
-902.706	1.5259E-4
-902.298	3.35698E-4
-901.891	3.50958E-4
-901.484	3.81476E-4
-901.077	3.0518E-4
-900.67	3.66217E-4
-900.263	4.27253E-4
-899.855	2.44144E-4
-899.448	1.5259E-4
-899.041	3.96735E-4
-898.634	3.50958E-4
-898.227	2.44144E-4
-897.82	2.74662E-4
-897.412	3.0518E-4
-897.005	3.0518E-4
-896.598	1.98367E-4
-896.191	3.20439E-4
-895.784	2.28885E-4
-895.376	3.66217E-4
-894.969	2.59403E-4
-894.562	3.35698E-4
-894.155	2.89921E-4
-893.748	2.89921E-4
-893.341	3.35698E-4
-892.933	4.11994E-4
-892.526	3.0518E-4
-892.119	2.44144E-4
-891.712	2.89921E-4
-891.305	2.28885E-4
-890.898	3.66217E-4
-890.49	3.20439E-4
-890.083	3.0518E-4
-889.676	3.0518E-4
-889.269	3.0518E-4
-888.862	2.59403E-4
-888.455	2.59403E-4
-888.047	2.13626E-4
-887.64	2.59403E-4
-887.233	3.81476E-4
-886.826	2.59403E-4
-886.419	3.35698E-4
-886.011	2.74662E-4
-885.604	2.44144E-4
-885.197	3.0518E-4
-884.79	4.42512E-4
-884.383	3.35698E-4
-883.976	2.74662E-4
-883.568	2.89921E-4
-883.161	2.89921E-4
-882.754	3.35698E-4
-882.347	4.57771E-4
-881.94	3.96735E-4
-881.533	3.81476E-4
-881.125	2.28885E-4
-880.718	2.74662E-4
-880.311	3.0518E-4
-879.904	3.50958E-4
-879.497	2.59403E-4
-879.09	2.13626E-4
-878.682	2.28885E-4
-878.275	3.0518E-4
-877.868	2.13626E-4
-877.461	2.74662E-4
-877.054	2.13626E-4
-876.646	4.11994E-4
-876.239	2.89921E-4
-875.832	3.50958E-4
-875.425	2.74662E-4
-875.018	2.28885E-4
-874.611	3.35698E-4
-874.203	3.35698E-4
-873.796	2.74662E-4
-873.389	3.50958E-4
-872.982	3.0518E-4
-872.575	4.11994E-4
-872.168	2.28885E-4
-871.76	3.20439E-4
-871.353	3.0518E-4
-870.946	2.44144E-4
-870.539	3.35698E-4
-870.132	4.7303E-4
-869.724	2.44144E-4
-869.317	3.50958E-4
-868.91	2.74662E-4
-868.503	2.28885E-4
-868.096	3.0518E-4
-867.689	2.89921E-4
-867.281	4.11994E-4
-866.874	2.74662E-4
-866.467	2.44144E-4
-866.06	2.44144E-4
-865.653	2.28885E-4
-865.246	3.20439E-4
-864.838	3.50958E-4
-864.431	2.89921E-4
-864.024	2.89921E-4
-863.617	3.20439E-4
-863.21	3.66217E-4
-862.803	4.57771E-4
-862.395	1.67849E-4
-861.988	2.44144E-4
-861.581	1.98367E-4
-861.174	4.57771E-4
-860.767	2.44144E-4
-860.359	2.44144E-4
-859.952	2.44144E-4
-859.545	2.13626E-4
-859.138	2.59403E-4
-858.731	2.28885E-4
-858.324	2.59403E-4
-857.916	3.81476E-4
-857.509	2.74662E-4
-857.102	1.98367E-4
-856.695	2.13626E-4
-856.288	4.11994E-4
-855.881	2.89921E-4
-855.473	4.7303E-4
-855.066	2.74662E-4
-854.659	2.13626E-4
-854.252	3.81476E-4
-853.845	3.66217E-4
-853.438	3.35698E-4
-853.03	2.44144E-4
-852.623	2.89921E-4
-852.216	2.74662E-4
-851.809	3.0518E-4
-851.402	2.89921E-4
-850.994	3.66217E-4
-850.587	1.37331E-4
-850.18	2.74662E-4
-849.773	3.20439E-4
-849.366	2.59403E-4
-848.959	2.44144E-4
-848.551	3.0518E-4
-848.144	3.50958E-4
-847.737	2.59403E-4
-847.33	3.50958E-4
-846.923	3.20439E-4
-846.516	2.59403E-4
-846.108	3.20439E-4
-845.701	3.0518E-4
-845.294	3.50958E-4
-844.887	1.83108E-4
-844.48	3.66217E-4
-844.073	3.0518E-4
-843.665	2.28885E-4
-843.258	3.50958E-4
-842.851	3.35698E-4
-842.444	4.27253E-4
-842.037	1.98367E-4
-841.629	2.13626E-4
-841.222	2.74662E-4
-840.815	3.0518E-4
-840.408	2.74662E-4
-840.001	2.59403E-4
-839.594	2.74662E-4
-839.186	2.89921E-4
-838.779	2.74662E-4
-838.372	3.35698E-4
-837.965	2.74662E-4
-837.558	2.74662E-4
-837.151	2.28885E-4
-836.743	2.74662E-4
-836.336	3.0518E-4
-835.929	2.13626E-4
-835.522	3.66217E-4
-835.115	3.81476E-4
-834.708	3.0518E-4
-834.3	3.81476E-4
-833.893	3.81476E-4
-833.486	2.74662E-4
-833.079	3.96735E-4
-832.672	3.66217E-4
-832.264	3.20439E-4
-831.857	3.0518E-4
-831.45	2.59403E-4
-831.043	3.81476E-4
-830.636	3.0518E-4
-830.229	3.66217E-4
-829.821	3.81476E-4
-829.414	3.50958E-4
-829.007	2.44144E-4
-828.6	2.59403E-4
-828.193	2.74662E-4
-827.786	2.44144E-4
-827.378	2.59403E-4
-826.971	2.74662E-4
-826.564	2.28885E-4
-826.157	2.59403E-4
-825.75	3.0518E-4
-825.342	3.35698E-4
-824.935	2.89921E-4
-824.528	2.89921E-4
-824.121	2.89921E-4
-823.714	3.50958E-4
-823.307	2.74662E-4
-822.899	3.66217E-4
-822.492	2.59403E-4
-822.085	4.7303E-4
-821.678	3.35698E-4
-821.271	3.96735E-4
-820.864	2.89921E-4
-820.456	3.0518E-4
-820.049	2.59403E-4
-819.642	3.66217E-4
-819.235	3.50958E-4
-818.828	3.20439E-4
-818.421	3.35698E-4
-818.013	2.74662E-4
-817.606	3.66217E-4
-817.199	3.35698E-4
-816.792	2.89921E-4
-816.385	4.57771E-4
-815.977	3.81476E-4
-815.57	3.0518E-4
-815.163	2.44144E-4
-814.756	3.81476E-4
-814.349	3.20439E-4
-813.942	3.81476E-4
-813.534	2.59403E-4
-813.127	3.81476E-4
-812.72	2.59403E-4
-812.313	3.66217E-4
-811.906	3.81476E-4
-811.499	1.98367E-4
-811.091	1.98367E-4
-810.684	2.89921E-4
-810.277	2.89921E-4
-809.87	3.20439E-4
-809.463	2.44144E-4
-809.056	1.67849E-4
-808.648	3.50958E-4
-808.241	2.44144E-4
-807.834	3.81476E-4
-807.427	2.89921E-4
-807.02	4.27253E-4
-806.612	2.28885E-4
-806.205	2.13626E-4
-805.798	2.13626E-4
-805.391	2.74662E-4
-804.984	3.50958E-4
-804.577	3.35698E-4
-804.169	3.0518E-4
-803.762	2.28885E-4
-803.355	3.35698E-4
-802.948	3.20439E-4
-802.541	1.83108E-4
-802.134	3.81476E-4
-801.726	3.35698E-4
-801.319	3.35698E-4
-800.912	3.0518E-4
-800.505	2.28885E-4
-800.098	3.81476E-4
-799.691	3.35698E-4
-799.283	3.50958E-4
-798.876	3.20439E-4
-798.469	2.28885E-4
-798.062	4.27253E-4
-797.655	3.35698E-4
-797.247	3.35698E-4
-796.84	3.0518E-4
-796.433	2.59403E-4
-796.026	2.59403E-4
-795.619	2.28885E-4
-795.212	2.13626E-4
-794.804	2.89921E-4
-794.397	2.89921E-4
-793.99	2.89921E-4
-793.583	3.35698E-4
-793.176	2.28885E-4
-792.769	3.35698E-4
-792.361	3.81476E-4
-791.954	3.50958E-4
-791.547	3.20439E-4
-791.14	3.81476E-4
-790.733	3.0518E-4
-790.326	3.0518E-4
-789.918	3.50958E-4
-789.511	2.13626E-4
-789.104	2.13626E-4
-788.697	3.20439E-4
-788.29	2.74662E-4
-787.882	4.11994E-4
-787.475	2.13626E-4
-787.068	2.74662E-4
-786.661	4.57771E-4
-786.254	3.0518E-4
-785.847	3.35698E-4
-785.439	3.20439E-4
-785.032	2.44144E-4
-784.625	2.89921E-4
-784.218	3.35698E-4
-783.811	2.28885E-4
-783.404	3.20439E-4
-782.996	3.20439E-4
-782.589	4.11994E-4
-782.182	2.28885E-4
-781.775	4.57771E-4
-781.368	3.0518E-4
-780.961	2.89921E-4
-780.553	3.81476E-4
-780.146	3.50958E-4
-779.739	3.81476E-4
-779.332	1.5259E-4
-778.925	1.67849E-4
-778.517	3.96735E-4
-778.11	3.20439E-4
-777.703	3.20439E-4
-777.296	2.44144E-4
-776.889	3.81476E-4
-776.482	3.35698E-4
-776.074	3.66217E-4
-775.667	2.89921E-4
-775.26	3.96735E-4
-774.853	2.74662E-4
-774.446	2.13626E-4
-774.039	3.96735E-4
-773.631	1.98367E-4
-773.224	2.74662E-4
-772.817	2.59403E-4
-772.41	2.74662E-4
-772.003	2.89921E-4
-771.595	3.35698E-4
-771.188	2.59403E-4
-770.781	3.66217E-4
-770.374	3.50958E-4
-769.967	3.66217E-4
-769.56	3.35698E-4
-769.152	3.50958E-4
-768.745	3.66217E-4
-768.338	2.59403E-4
-767.931	4.11994E-4
-767.524	2.74662E-4
-767.117	1.83108E-4
-766.709	2.44144E-4
-766.302	5.03548E-4
-765.895	2.44144E-4
-765.488	3.0518E-4
-765.081	3.20439E-4
-764.674	1.98367E-4
-764.266	2.59403E-4
-763.859	1.83108E-4
-763.452	2.59403E-4
-763.045	3.50958E-4
-762.638	3.35698E-4
-762.23	2.74662E-4
-761.823	2.13626E-4
-761.416	3.35698E-4
-761.009	2.89921E-4
-760.602	3.20439E-4
-760.195	3.96735E-4
-759.787	3.66217E-4
-759.38	2.59403E-4
-758.973	2.74662E-4
-758.566	3.81476E-4
-758.159	1.98367E-4
-757.752	3.50958E-4
-757.344	2.74662E-4
-756.937	3.81476E-4
-756.53	2.89921E-4
-756.123	4.11994E-4
-755.716	3.35698E-4
-755.309	2.13626E-4
-754.901	3.66217E-4
-754.494	3.66217E-4
-754.087	4.42512E-4
-753.68	4.27253E-4
-753.273	2.44144E-4
-752.865	3.50958E-4
-752.458	3.35698E-4
-752.051	3.50958E-4
-751.644	3.35698E-4
-751.237	3.66217E-4
-750.83	3.0518E-4
-750.422	2.89921E-4
-750.015	2.28885E-4
-749.608	3.20439E-4
-749.201	2.89921E-4
-748.794	2.89921E-4
-748.387	2.74662E-4
-747.979	3.20439E-4
-747.572	3.96735E-4
-747.165	2.28885E-4
-746.758	4.42512E-4
-746.351	2.28885E-4
-745.944	3.20439E-4
-745.536	2.89921E-4
-745.129	2.28885E-4
-744.722	3.0518E-4
-744.315	3.81476E-4
-743.908	2.28885E-4
-743.5	3.0518E-4
-743.093	3.66217E-4
-742.686	4.11994E-4
-742.279	2.74662E-4
-741.872	2.89921E-4
-741.465	3.50958E-4
-741.057	2.89921E-4
-740.65	2.28885E-4
-740.243	3.50958E-4
-739.836	3.66217E-4
-739.429	1.98367E-4
-739.022	3.50958E-4
-738.614	2.59403E-4
-738.207	2.28885E-4
-737.8	4.57771E-4
-737.393	2.44144E-4
-736.986	1.83108E-4
-736.579	3.35698E-4
-736.171	3.81476E-4
-735.764	1.98367E-4
-735.357	1.83108E-4
-734.95	3.66217E-4
-734.543	2.89921E-4
-734.135	2.89921E-4
-733.728	3.35698E-4
-733.321	2.44144E-4
-732.914	3.20439E-4
-732.507	1.83108E-4
-732.1	3.35698E-4
-731.692	2.89921E-4
-731.285	1.22072E-4
-730.878	3.35698E-4
-730.471	3.66217E-4
-730.064	3.50958E-4
-729.657	4.27253E-4
-729.249	3.20439E-4
-728.842	2.44144E-4
-728.435	3.0518E-4
-728.028	3.20439E-4
-727.621	3.50958E-4
-727.214	3.35698E-4
-726.806	3.66217E-4
-726.399	3.66217E-4
-725.992	3.50958E-4
-725.585	2.74662E-4
-725.178	2.89921E-4
-724.77	2.44144E-4
-724.363	3.50958E-4
-723.956	3.50958E-4
-723.549	2.13626E-4
-723.142	3.0518E-4
-722.735	1.83108E-4
-722.327	4.57771E-4
-721.92	2.28885E-4
-721.513	3.50958E-4
-721.106	3.66217E-4
-720.699	2.13626E-4
-720.292	2.28885E-4
-719.884	2.59403E-4
-719.477	2.59403E-4
-719.07	3.50958E-4
-718.663	2.89921E-4
-718.256	2.89921E-4
-717.848	4.27253E-4
-717.441	2.59403E-4
-717.034	3.0518E-4
-716.627	1.98367E-4
-716.22	4.7303E-4
-715.813	3.35698E-4
-715.405	2.74662E-4
-714.998	3.50958E-4
-714.591	2.44144E-4
-714.184	2.44144E-4
-713.777	4.42512E-4
-713.37	2.28885E-4
-712.962	2.74662E-4
-712.555	2.74662E-4
-712.148	2.89921E-4
-711.741	1.98367E-4
-711.334	4.27253E-4
-710.927	1.5259E-4
-710.519	1.98367E-4
-710.112	2.44144E-4
-709.705	1.5259E-4
-709.298	3.20439E-4
-708.891	1.98367E-4
-708.483	3.35698E-4
-708.076	2.28885E-4
-707.669	2.89921E-4
-707.262	2.44144E-4
-706.855	2.59403E-4
-706.448	3.35698E-4
-706.04	2.74662E-4
-705.633	3.0518E-4
-705.226	4.11994E-4
-704.819	3.66217E-4
-704.412	3.35698E-4
-704.005	4.11994E-4
-703.597	3.35698E-4
-703.19	2.44144E-4
-702.783	3.96735E-4
-702.376	2.74662E-4
-701.969	3.96735E-4
-701.562	2.28885E-4
-701.154	2.13626E-4
-700.747	3.96735E-4
-700.34	3.0518E-4
-699.933	3.66217E-4
-699.526	4.57771E-4
-699.118	3.0518E-4
-698.711	2.13626E-4
-698.304	1.37331E-4
-697.897	2.74662E-4
-697.49	1.98367E-4
-697.083	1.5259E-4
-696.675	4.57771E-4
-696.268	1.67849E-4
-695.861	3.20439E-4
-695.454	4.11994E-4
-695.047	3.35698E-4
-694.64	2.59403E-4
-694.232	2.59403E-4
-693.825	3.20439E-4
-693.418	3.0518E-4
-693.011	3.66217E-4
-692.604	2.13626E-4
-692.197	3.20439E-4
-691.789	3.66217E-4
-691.382	2.74662E-4
-690.975	2.28885E-4
-690.568	3.20439E-4
-690.161	4.11994E-4
-689.753	2.89921E-4
-689.346	2.74662E-4
-688.939	2.28885E-4
-688.532	4.11994E-4
-688.125	1.98367E-4
-687.718	1.5259E-4
-687.31	2.59403E-4
-686.903	2.44144E-4
-686.496	3.96735E-4
-686.089	2.74662E-4
-685.682	5.03548E-4
-685.275	3.20439E-4
-684.867	4.88289E-4
-684.46	3.66217E-4
-684.053	2.59403E-4
-683.646	4.11994E-4
-683.239	2.89921E-4
-682.832	2.89921E-4
-682.424	2.13626E-4
-682.017	2.89921E-4
-681.61	3.66217E-4
-681.203	3.20439E-4
-680.796	3.96735E-4
-680.388	3.0518E-4
-679.981	3.81476E-4
-679.574	2.59403E-4
-679.167	2.28885E-4
-678.76	2.89921E-4
-678.353	3.66217E-4
-677.945	3.66217E-4
-677.538	4.42512E-4
-677.131	2.74662E-4
-676.724	3.0518E-4
-676.317	2.59403E-4
-675.91	3.66217E-4
-675.502	3.0518E-4
-675.095	2.89921E-4
-674.688	3.35698E-4
-674.281	3.0518E-4
-673.874	2.44144E-4
-673.466	3.35698E-4
-673.059	2.44144E-4
-672.652	2.74662E-4
-672.245	3.96735E-4
-671.838	2.89921E-4
-671.431	2.44144E-4
-671.023	3.96735E-4
-670.616	3.50958E-4
-670.209	3.50958E-4
-669.802	2.44144E-4
-669.395	3.35698E-4
-668.988	3.35698E-4
-668.58	3.0518E-4
-668.173	3.0518E-4
-667.766	3.81476E-4
-667.359	2.13626E-4
-666.952	3.96735E-4
-666.545	4.11994E-4
-666.137	2.28885E-4
-665.73	2.89921E-4
-665.323	3.20439E-4
-664.916	4.27253E-4
-664.509	3.96735E-4
-664.101	3.0518E-4
-663.694	3.20439E-4
-663.287	2.89921E-4
-662.88	3.0518E-4
-662.473	3.50958E-4
-662.066	3.66217E-4
-661.658	2.89921E-4
-661.251	2.13626E-4
-660.844	3.35698E-4
-660.437	4.11994E-4
-660.03	3.50958E-4
-659.623	2.28885E-4
-659.215	3.66217E-4
-658.808	3.0518E-4
-658.401	2.44144E-4
-657.994	2.89921E-4
-657.587	2.74662E-4
-657.18	2.59403E-4
-656.772	2.89921E-4
-656.365	2.44144E-4
-655.958	3.50958E-4
-655.551	2.74662E-4
-655.144	3.81476E-4
-654.736	2.13626E-4
-654.329	3.35698E-4
-653.922	4.42512E-4
-653.515	1.83108E-4
-653.108	1.98367E-4
-652.701	2.44144E-4
-652.293	2.28885E-4
-651.886	3.0518E-4
-651.479	3.0518E-4
-651.072	3.20439E-4
-650.665	3.66217E-4
-650.258	4.27253E-4
-649.85	3.50958E-4
-649.443	2.59403E-4
-649.036	4.88289E-4
-648.629	2.44144E-4
-648.222	3.0518E-4
-647.815	2.44144E-4
-647.407	3.96735E-4
-647	2.59403E-4
-646.593	2.44144E-4
-646.186	4.11994E-4
-645.779	3.66217E-4
-645.371	2.44144E-4
-644.964	2.74662E-4
-644.557	3.66217E-4
-644.15	2.89921E-4
-643.743	3.20439E-4
-643.336	2.89921E-4
-642.928	2.59403E-4
-642.521	4.27253E-4
-642.114	3.20439E-4
-641.707	2.89921E-4
-641.3	2.44144E-4
-640.893	2.13626E-4
-640.485	3.50958E-4
-640.078	2.74662E-4
-639.671	2.89921E-4
-639.264	4.27253E-4
-638.857	3.66217E-4
-638.45	3.0518E-4
-638.042	2.44144E-4
-637.635	3.0518E-4
-637.228	3.96735E-4
-636.821	4.11994E-4
-636.414	3.20439E-4
-636.006	2.44144E-4
-635.599	4.11994E-4
-635.192	2.89921E-4
-634.785	2.89921E-4
-634.378	3.66217E-4
-633.971	3.20439E-4
-633.563	2.28885E-4
-633.156	4.57771E-4
-632.749	3.66217E-4
-632.342	4.42512E-4
-631.935	3.35698E-4
-631.528	2.74662E-4
-631.12	2.59403E-4
-630.713	3.0518E-4
-630.306	2.59403E-4
-629.899	2.28885E-4
-629.492	3.20439E-4
-629.085	4.11994E-4
-628.677	3.20439E-4
-628.27	2.44144E-4
-627.863	4.11994E-4
-627.456	1.83108E-4
-627.049	3.20439E-4
-626.641	2.89921E-4
-626.234	2.74662E-4
-625.827	3.20439E-4
-625.42	5.18807E-4
-625.013	3.35698E-4
-624.606	2.28885E-4
-624.198	3.81476E-4
-623.791	1.98367E-4
-623.384	3.96735E-4
-622.977	3.50958E-4
-622.57	2.28885E-4
-622.163	3.35698E-4
-621.755	2.44144E-4
-621.348	3.81476E-4
-620.941	3.20439E-4
-620.534	3.20439E-4
-620.127	3.20439E-4
-619.719	3.20439E-4
-619.312	2.89921E-4
-618.905	2.28885E-4
-618.498	2.44144E-4
-618.091	1.98367E-4
-617.684	3.35698E-4
-617.276	3.81476E-4
-616.869	3.0518E-4
-616.462	4.11994E-4
-616.055	3.96735E-4
-615.648	3.20439E-4
-615.241	2.74662E-4
-614.833	2.28885E-4
-614.426	2.74662E-4
-614.019	4.57771E-4
-613.612	2.89921E-4
-613.205	2.28885E-4
-612.798	2.59403E-4
-612.39	2.44144E-4
-611.983	3.66217E-4
-611.576	2.44144E-4
-611.169	3.66217E-4
-610.762	2.28885E-4
-610.354	2.89921E-4
-609.947	3.66217E-4
-609.54	2.74662E-4
-609.133	2.74662E-4
-608.726	3.20439E-4
-608.319	2.89921E-4
-607.911	2.44144E-4
-607.504	3.20439E-4
-607.097	4.42512E-4
-606.69	2.13626E-4
-606.283	2.28885E-4
-605.876	4.11994E-4
-605.468	2.28885E-4
-605.061	3.0518E-4
-604.654	3.66217E-4
-604.247	3.35698E-4
-603.84	1.83108E-4
-603.433	2.28885E-4
-603.025	2.44144E-4
-602.618	2.89921E-4
-602.211	3.35698E-4
-601.804	2.59403E-4
-601.397	2.44144E-4
-600.989	3.66217E-4
-600.582	3.20439E-4
-600.175	3.20439E-4
-599.768	2.74662E-4
-599.361	3.0518E-4
-598.954	2.59403E-4
-598.546	3.50958E-4
-598.139	1.83108E-4
-597.732	3.20439E-4
-597.325	2.44144E-4
-596.918	3.66217E-4
-596.511	2.59403E-4
-596.103	3.81476E-4
-595.696	3.20439E-4
-595.289	3.35698E-4
-594.882	1.22072E-4
-594.475	1.98367E-4
-594.068	2.59403E-4
-593.66	3.0518E-4
-593.253	3.66217E-4
-592.846	2.59403E-4
-592.439	2.28885E-4
-592.032	2.89921E-4
-591.624	3.35698E-4
-591.217	2.89921E-4
-590.81	2.59403E-4
-590.403	1.83108E-4
-589.996	3.0518E-4
-589.589	2.89921E-4
-589.181	3.20439E-4
-588.774	2.28885E-4
-588.367	3.35698E-4
-587.96	2.13626E-4
-587.553	2.74662E-4
-587.146	2.13626E-4
-586.738	3.50958E-4
-586.331	3.50958E-4
-585.924	2.44144E-4
-585.517	3.96735E-4
-585.11	3.50958E-4
-584.703	2.89921E-4
-584.295	2.74662E-4
-583.888	4.27253E-4
-583.481	4.11994E-4
-583.074	1.98367E-4
-582.667	3.50958E-4
-582.259	3.0518E-4
-581.852	2.13626E-4
-581.445	2.44144E-4
-581.038	2.59403E-4
-580.631	2.74662E-4
-580.224	2.59403E-4
-579.816	3.20439E-4
-579.409	3.20439E-4
-579.002	3.66217E-4
-578.595	3.20439E-4
-578.188	4.42512E-4
-577.781	3.20439E-4
-577.373	1.67849E-4
-576.966	3.0518E-4
-576.559	3.20439E-4
-576.152	1.98367E-4
-575.745	2.74662E-4
-575.338	2.59403E-4
-574.93	2.44144E-4
-574.523	3.66217E-4
-574.116	2.59403E-4
-573.709	2.89921E-4
-573.302	3.50958E-4
-572.894	2.44144E-4
-572.487	1.98367E-4
-572.08	3.50958E-4
-571.673	3.50958E-4
-571.266	2.89921E-4
-570.859	1.37331E-4
-570.451	4.42512E-4
-570.044	2.28885E-4
-569.637	2.74662E-4
-569.23	2.59403E-4
-568.823	2.13626E-4
-568.416	3.0518E-4
-568.008	3.0518E-4
-567.601	2.13626E-4
-567.194	3.81476E-4
-566.787	1.83108E-4
-566.38	3.35698E-4
-565.972	3.35698E-4
-565.565	1.83108E-4
-565.158	3.20439E-4
-564.751	3.20439E-4
-564.344	2.89921E-4
-563.937	2.74662E-4
-563.529	2.13626E-4
-563.122	3.20439E-4
-562.715	4.42512E-4
-562.308	2.74662E-4
-561.901	3.96735E-4
-561.494	1.98367E-4
-561.086	3.96735E-4
-560.679	2.44144E-4
-560.272	1.5259E-4
-559.865	1.98367E-4
-559.458	2.74662E-4
-559.051	2.44144E-4
-558.643	3.0518E-4
-558.236	2.59403E-4
-557.829	3.20439E-4
-557.422	2.13626E-4
-557.015	3.50958E-4
-556.607	3.50958E-4
-556.2	3.81476E-4
-555.793	2.28885E-4
-555.386	2.13626E-4
-554.979	2.59403E-4
-554.572	4.42512E-4
-554.164	3.20439E-4
-553.757	2.74662E-4
-553.35	3.81476E-4
-552.943	3.35698E-4
-552.536	3.35698E-4
-552.129	3.0518E-4
-551.721	4.27253E-4
-551.314	3.0518E-4
-550.907	4.7303E-4
-550.5	2.44144E-4
-550.093	4.42512E-4
-549.686	2.74662E-4
-549.278	3.0518E-4
-548.871	3.0518E-4
-548.464	2.74662E-4
-548.057	2.89921E-4
-547.65	3.66217E-4
-547.242	2.89921E-4
-546.835	1.98367E-4
-546.428	2.28885E-4
-546.021	1.98367E-4
-545.614	2.28885E-4
-545.207	1.98367E-4
-544.799	2.89921E-4
-544.392	3.35698E-4
-543.985	2.59403E-4
-543.578	2.89921E-4
-543.171	4.11994E-4
-542.764	2.89921E-4
-542.356	2.44144E-4
-541.949	3.35698E-4
-541.542	4.27253E-4
-541.135	3.0518E-4
-540.728	2.89921E-4
-540.321	3.35698E-4
-539.913	3.0518E-4
-539.506	2.59403E-4
-539.099	3.0518E-4
-538.692	3.35698E-4
-538.285	3.66217E-4
-537.877	1.98367E-4
-537.47	4.11994E-4
-537.063	3.66217E-4
-536.656	2.28885E-4
-536.249	2.28885E-4
-535.842	3.96735E-4
-535.434	3.50958E-4
-535.027	2.28885E-4
-534.62	3.50958E-4
-534.213	2.28885E-4
-533.806	3.66217E-4
-533.399	3.81476E-4
-532.991	2.74662E-4
-532.584	3.35698E-4
-532.177	3.0518E-4
-531.77	2.44144E-4
-531.363	3.81476E-4
-530.956	2.13626E-4
-530.548	2.74662E-4
-530.141	1.67849E-4
-529.734	3.0518E-4
-529.327	2.44144E-4
-528.92	2.74662E-4
-528.512	3.81476E-4
-528.105	3.50958E-4
-527.698	2.13626E-4
-527.291	3.35698E-4
-526.884	2.44144E-4
-526.477	3.0518E-4
-526.069	3.66217E-4
-525.662	3.50958E-4
-525.255	2.74662E-4
-524.848	2.59403E-4
-524.441	5.03548E-4
-524.034	3.0518E-4
-523.626	2.89921E-4
-523.219	2.28885E-4
-522.812	3.35698E-4
-522.405	3.66217E-4
-521.998	2.89921E-4
-521.59	2.13626E-4
-521.183	2.59403E-4
-520.776	2.89921E-4
-520.369	2.89921E-4
-519.962	3.50958E-4
-519.555	3.35698E-4
-519.147	3.50958E-4
-518.74	2.74662E-4
-518.333	3.20439E-4
-517.926	3.20439E-4
-517.519	3.81476E-4
-517.112	1.98367E-4
-516.704	3.0518E-4
-516.297	3.0518E-4
-515.89	4.11994E-4
-515.483	2.59403E-4
-515.076	2.59403E-4
-514.669	2.59403E-4
-514.261	3.66217E-4
-513.854	5.03548E-4
-513.447	2.89921E-4
-513.04	2.74662E-4
-512.633	3.20439E-4
-512.225	2.74662E-4
-511.818	3.0518E-4
-511.411	2.89921E-4
-511.004	3.81476E-4
-510.597	3.0518E-4
-510.19	2.89921E-4
-509.782	2.28885E-4
-509.375	2.59403E-4
-508.968	2.59403E-4
-508.561	4.11994E-4
-508.154	3.50958E-4
-507.747	2.74662E-4
-507.339	2.74662E-4
-506.932	2.28885E-4
-506.525	2.28885E-4
-506.118	2.13626E-4
-505.711	3.66217E-4
-505.304	3.50958E-4
-504.896	3.35698E-4
-504.489	4.27253E-4
-504.082	3.66217E-4
-503.675	2.89921E-4
-503.268	2.89921E-4
-502.86	2.13626E-4
-502.453	2.74662E-4
-502.046	2.74662E-4
-501.639	2.74662E-4
-501.232	3.66217E-4
-500.825	2.89921E-4
-500.417	2.28885E-4
-500.01	2.89921E-4
-499.603	5.03548E-4
-499.196	2.28885E-4
-498.789	3.66217E-4
-498.382	3.0518E-4
-497.974	2.44144E-4
-497.567	2.89921E-4
-497.16	3.66217E-4
-496.753	3.81476E-4
-496.346	2.74662E-4
-495.939	4.11994E-4
-495.531	3.35698E-4
-495.124	2.89921E-4
-494.717	2.89921E-4
-494.31	2.89921E-4
-493.903	2.13626E-4
-493.495	2.59403E-4
-493.088	2.89921E-4
-492.681	1.5259E-4
-492.274	3.50958E-4
-491.867	3.20439E-4
-491.46	2.28885E-4
-491.052	2.89921E-4
-490.645	2.59403E-4
-490.238	3.20439E-4
-489.831	2.89921E-4
-489.424	3.0518E-4
-489.017	2.89921E-4
-488.609	2.74662E-4
-488.202	2.44144E-4
-487.795	3.0518E-4
-487.388	3.0518E-4
-486.981	2.89921E-4
-486.574	3.20439E-4
-486.166	3.96735E-4
-485.759	3.66217E-4
-485.352	1.37331E-4
-484.945	2.44144E-4
-484.538	3.66217E-4
-484.13	2.59403E-4
-483.723	2.89921E-4
-483.316	3.0518E-4
-482.909	3.50958E-4
-482.502	3.35698E-4
-482.095	2.44144E-4
-481.687	2.13626E-4
-481.28	3.0518E-4
-480.873	3.50958E-4
-480.466	2.74662E-4
-480.059	3.35698E-4
-479.652	2.89921E-4
-479.244	3.66217E-4
-478.837	3.35698E-4
-478.43	3.0518E-4
-478.023	3.66217E-4
-477.616	2.89921E-4
-477.209	4.11994E-4
-476.801	3.81476E-4
-476.394	2.89921E-4
-475.987	3.50958E-4
-475.58	2.59403E-4
-475.173	3.50958E-4
-474.765	2.59403E-4
-474.358	3.20439E-4
-473.951	2.28885E-4
-473.544	3.20439E-4
-473.137	3.0518E-4
-472.73	3.0518E-4
-472.322	2.28885E-4
-471.915	1.98367E-4
-471.508	2.89921E-4
-471.101	2.74662E-4
-470.694	1.67849E-4
-470.287	2.89921E-4
-469.879	3.20439E-4
-469.472	2.13626E-4
-469.065	3.35698E-4
-468.658	3.20439E-4
-468.251	4.57771E-4
-467.843	3.0518E-4
-467.436	4.42512E-4
-467.029	3.81476E-4
-466.622	3.66217E-4
-466.215	1.98367E-4
-465.808	4.27253E-4
-465.4	5.34066E-4
-464.993	2.89921E-4
-464.586	2.74662E-4
-464.179	3.35698E-4
-463.772	3.35698E-4
-463.365	2.74662E-4
-462.957	3.96735E-4
-462.55	3.35698E-4
-462.143	2.59403E-4
-461.736	2.28885E-4
-461.329	2.74662E-4
-460.922	2.44144E-4
-460.514	3.66217E-4
-460.107	2.89921E-4
-459.7	3.0518E-4
-459.293	3.50958E-4
-458.886	1.5259E-4
-458.478	2.59403E-4
-458.071	3.35698E-4
-457.664	3.96735E-4
-457.257	1.98367E-4
-456.85	2.59403E-4
-456.443	3.0518E-4
-456.035	2.89921E-4
-455.628	2.13626E-4
-455.221	3.96735E-4
-454.814	4.11994E-4
-454.407	3.0518E-4
-454	2.89921E-4
-453.592	2.28885E-4
-453.185	3.35698E-4
-452.778	3.20439E-4
-452.371	3.35698E-4
-451.964	1.98367E-4
-451.557	3.0518E-4
-451.149	3.50958E-4
-450.742	4.27253E-4
-450.335	3.20439E-4
-449.928	2.74662E-4
-449.521	4.11994E-4
-449.113	3.66217E-4
-448.706	2.59403E-4
-448.299	3.20439E-4
-447.892	2.44144E-4
-447.485	3.0518E-4
-447.078	2.28885E-4
-446.67	3.66217E-4
-446.263	3.50958E-4
-445.856	2.59403E-4
-445.449	3.50958E-4
-445.042	3.20439E-4
-444.635	3.66217E-4
-444.227	3.66217E-4
-443.82	2.59403E-4
-443.413	2.44144E-4
-443.006	2.89921E-4
-442.599	2.59403E-4
-442.192	9.15541E-5
-441.784	3.96735E-4
-441.377	3.20439E-4
-440.97	3.96735E-4
-440.563	2.74662E-4
-440.156	1.67849E-4
-439.748	1.83108E-4
-439.341	3.66217E-4
-438.934	2.44144E-4
-438.527	3.66217E-4
-438.12	2.44144E-4
-437.713	2.59403E-4
-437.305	3.50958E-4
-436.898	3.20439E-4
-436.491	2.74662E-4
-436.084	3.50958E-4
-435.677	2.13626E-4
-435.27	4.11994E-4
-434.862	2.89921E-4
-434.455	2.89921E-4
-434.048	3.20439E-4
-433.641	3.35698E-4
-433.234	3.50958E-4
-432.827	2.44144E-4
-432.419	3.0518E-4
-432.012	3.0518E-4
-431.605	4.11994E-4
-431.198	3.50958E-4
-430.791	3.0518E-4
-430.383	2.13626E-4
-429.976	2.59403E-4
-429.569	2.59403E-4
-429.162	2.74662E-4
-428.755	3.50958E-4
-428.348	3.20439E-4
-427.94	2.59403E-4
-427.533	2.44144E-4
-427.126	2.44144E-4
-426.719	3.0518E-4
-426.312	2.59403E-4
-425.905	3.81476E-4
-425.497	3.0518E-4
-425.09	4.11994E-4
-424.683	2.59403E-4
-424.276	2.59403E-4
-423.869	3.96735E-4
-423.461	3.35698E-4
-423.054	1.98367E-4
-422.647	3.50958E-4
-422.24	3.50958E-4
-421.833	3.20439E-4
-421.426	2.89921E-4
-421.018	3.50958E-4
-420.611	3.35698E-4
-420.204	2.44144E-4
-419.797	2.74662E-4
-419.39	2.44144E-4
-418.983	3.0518E-4
-418.575	3.20439E-4
-418.168	3.50958E-4
-417.761	3.0518E-4
-417.354	4.42512E-4
-416.947	2.13626E-4
-416.54	2.89921E-4
-416.132	3.20439E-4
-415.725	3.81476E-4
-415.318	3.0518E-4
-414.911	3.20439E-4
-414.504	2.28885E-4
-414.096	3.0518E-4
-413.689	1.67849E-4
-413.282	3.0518E-4
-412.875	2.44144E-4
-412.468	1.5259E-4
-412.061	4.11994E-4
-411.653	2.74662E-4
-411.246	3.50958E-4
-410.839	3.20439E-4
-410.432	2.74662E-4
-410.025	2.74662E-4
-409.618	2.74662E-4
-409.21	3.35698E-4
-408.803	2.13626E-4
-408.396	1.98367E-4
-407.989	2.28885E-4
-407.582	2.74662E-4
-407.175	3.20439E-4
-406.767	3.66217E-4
-406.36	2.89921E-4
-405.953	1.83108E-4
-405.546	4.11994E-4
-405.139	1.67849E-4
-404.731	3.81476E-4
-404.324	3.20439E-4
-403.917	4.7303E-4
-403.51	3.35698E-4
-403.103	3.0518E-4
-402.696	3.66217E-4
-402.288	2.74662E-4
-401.881	3.20439E-4
-401.474	2.89921E-4
-401.067	2.44144E-4
-400.66	2.44144E-4
-400.253	2.74662E-4
-399.845	5.34066E-4
-399.438	3.20439E-4
-399.031	2.59403E-4
-398.624	3.66217E-4
-398.217	3.66217E-4
-397.81	3.0518E-4
-397.402	2.59403E-4
-396.995	3.35698E-4
-396.588	2.74662E-4
-396.181	3.50958E-4
-395.774	3.20439E-4
-395.366	3.81476E-4
-394.959	2.59403E-4
-394.552	3.20439E-4
-394.145	3.20439E-4
-393.738	2.59403E-4
-393.331	3.81476E-4
-392.923	2.44144E-4
-392.516	3.66217E-4
-392.109	1.37331E-4
-391.702	3.66217E-4
-391.295	2.28885E-4
-390.888	3.20439E-4
-390.48	3.20439E-4
-390.073	3.35698E-4
-389.666	2.59403E-4
-389.259	2.74662E-4
-388.852	3.0518E-4
-388.445	2.28885E-4
-388.037	2.13626E-4
-387.63	3.66217E-4
-387.223	3.0518E-4
-386.816	3.81476E-4
-386.409	2.59403E-4
-386.001	4.11994E-4
-385.594	1.98367E-4
-385.187	2.28885E-4
-384.78	3.35698E-4
-384.373	3.81476E-4
-383.966	3.0518E-4
-383.558	3.0518E-4
-383.151	3.96735E-4
-382.744	3.35698E-4
-382.337	2.74662E-4
-381.93	3.35698E-4
-381.523	4.11994E-4
-381.115	3.81476E-4
-380.708	3.50958E-4
-380.301	4.27253E-4
-379.894	3.20439E-4
-379.487	2.59403E-4
-379.08	3.20439E-4
-378.672	3.50958E-4
-378.265	2.74662E-4
-377.858	3.20439E-4
-377.451	2.28885E-4
-377.044	2.28885E-4
-376.636	2.13626E-4
-376.229	3.35698E-4
-375.822	1.06813E-4
-375.415	2.44144E-4
-375.008	2.89921E-4
-374.601	2.44144E-4
-374.193	3.66217E-4
-373.786	2.59403E-4
-373.379	3.0518E-4
-372.972	3.35698E-4
-372.565	2.13626E-4
-372.158	2.89921E-4
-371.75	3.35698E-4
-371.343	2.13626E-4
-370.936	2.74662E-4
-370.529	2.89921E-4
-370.122	3.35698E-4
-369.714	4.11994E-4
-369.307	2.74662E-4
-368.9	4.42512E-4
-368.493	2.74662E-4
-368.086	2.44144E-4
-367.679	2.74662E-4
-367.271	2.59403E-4
-366.864	1.83108E-4
-366.457	2.44144E-4
-366.05	4.11994E-4
-365.643	3.50958E-4
-365.236	3.0518E-4
-364.828	4.57771E-4
-364.421	3.35698E-4
-364.014	3.20439E-4
-363.607	3.20439E-4
-363.2	2.44144E-4
-362.793	3.0518E-4
-362.385	3.0518E-4
-361.978	2.59403E-4
-361.571	3.20439E-4
-361.164	2.59403E-4
-360.757	3.96735E-4
-360.349	2.44144E-4
-359.942	2.74662E-4
-359.535	3.20439E-4
-359.128	3.20439E-4
-358.721	3.0518E-4
-358.314	3.50958E-4
-357.906	2.13626E-4
-357.499	2.89921E-4
-357.092	3.50958E-4
-356.685	2.74662E-4
-356.278	2.59403E-4
-355.871	2.59403E-4
-355.463	2.13626E-4
-355.056	3.35698E-4
-354.649	4.42512E-4
-354.242	2.59403E-4
-353.835	3.81476E-4
-353.428	2.13626E-4
-353.02	3.35698E-4
-352.613	3.0518E-4
-352.206	2.13626E-4
-351.799	3.50958E-4
-351.392	4.11994E-4
-350.984	2.28885E-4
-350.577	3.35698E-4
-350.17	4.27253E-4
-349.763	2.13626E-4
-349.356	3.20439E-4
-348.949	3.20439E-4
-348.541	2.89921E-4
-348.134	2.13626E-4
-347.727	3.35698E-4
-347.32	3.50958E-4
-346.913	2.59403E-4
-346.506	2.44144E-4
-346.098	3.0518E-4
-345.691	3.66217E-4
-345.284	3.50958E-4
-344.877	2.74662E-4
-344.47	3.96735E-4
-344.063	3.66217E-4
-343.655	5.64584E-4
-343.248	2.74662E-4
-342.841	3.81476E-4
-342.434	2.28885E-4
-342.027	2.13626E-4
-341.619	3.35698E-4
-341.212	2.89921E-4
-340.805	3.35698E-4
-340.398	2.74662E-4
-339.991	2.44144E-4
-339.584	2.89921E-4
-339.176	4.11994E-4
-338.769	4.27253E-4
-338.362	3.0518E-4
-337.955	1.83108E-4
-337.548	2.59403E-4
-337.141	2.59403E-4
-336.733	2.44144E-4
-336.326	2.28885E-4
-335.919	3.81476E-4
-335.512	2.89921E-4
-335.105	2.44144E-4
-334.698	1.83108E-4
-334.29	4.27253E-4
-333.883	2.74662E-4
-333.476	3.81476E-4
-333.069	2.74662E-4
-332.662	2.28885E-4
-332.254	3.20439E-4
-331.847	3.0518E-4
-331.44	2.59403E-4
-331.033	2.74662E-4
-330.626	3.96735E-4
-330.219	2.89921E-4
-329.811	2.89921E-4
-329.404	1.5259E-4
-328.997	3.96735E-4
-328.59	3.20439E-4
-328.183	3.0518E-4
-327.776	3.20439E-4
-327.368	2.44144E-4
-326.961	3.35698E-4
-326.554	2.74662E-4
-326.147	4.11994E-4
-325.74	1.5259E-4
-325.333	1.98367E-4
-324.925	3.20439E-4
-324.518	2.89921E-4
-324.111	3.81476E-4
-323.704	4.11994E-4
-323.297	3.50958E-4
-322.889	3.20439E-4
-322.482	1.5259E-4
-322.075	3.81476E-4
-321.668	3.0518E-4
-321.261	3.35698E-4
-320.854	2.74662E-4
-320.446	2.74662E-4
-320.039	1.37331E-4
-319.632	2.74662E-4
-319.225	3.20439E-4
-318.818	2.44144E-4
-318.411	3.20439E-4
-318.003	2.74662E-4
-317.596	2.13626E-4
-317.189	2.89921E-4
-316.782	3.66217E-4
-316.375	4.42512E-4
-315.967	3.35698E-4
-315.56	3.20439E-4
-315.153	3.20439E-4
-314.746	1.98367E-4
-314.339	3.0518E-4
-313.932	2.74662E-4
-313.524	1.83108E-4
-313.117	2.74662E-4
-312.71	3.20439E-4
-312.303	3.0518E-4
-311.896	4.11994E-4
-311.489	2.44144E-4
-311.081	3.50958E-4
-310.674	2.13626E-4
-310.267	3.50958E-4
-309.86	3.35698E-4
-309.453	3.0518E-4
-309.046	2.44144E-4
-308.638	3.81476E-4
-308.231	2.28885E-4
-307.824	3.35698E-4
-307.417	3.35698E-4
-307.01	2.74662E-4
-306.602	4.11994E-4
-306.195	2.74662E-4
-305.788	3.81476E-4
-305.381	2.13626E-4
-304.974	2.13626E-4
-304.567	2.13626E-4
-304.159	3.50958E-4
-303.752	3.35698E-4
-303.345	2.44144E-4
-302.938	4.57771E-4
-302.531	2.28885E-4
-302.124	3.20439E-4
-301.716	2.59403E-4
-301.309	2.28885E-4
-300.902	3.0518E-4
-300.495	2.74662E-4
-300.088	2.74662E-4
-299.681	3.50958E-4
-299.273	3.20439E-4
-298.866	3.0518E-4
-298.459	2.89921E-4
-298.052	3.20439E-4
-297.645	2.89921E-4
-297.237	2.74662E-4
-296.83	2.89921E-4
-296.423	3.0518E-4
-296.016	2.59403E-4
-295.609	3.50958E-4
-295.202	3.20439E-4
-294.794	2.13626E-4
-294.387	1.83108E-4
-293.98	2.74662E-4
-293.573	2.59403E-4
-293.166	4.42512E-4
-292.759	3.50958E-4
-292.351	2.74662E-4
-291.944	2.59403E-4
-291.537	3.50958E-4
-291.13	2.13626E-4
-290.723	2.44144E-4
-290.316	2.44144E-4
-289.908	2.59403E-4
-289.501	3.20439E-4
-289.094	3.35698E-4
-288.687	1.22072E-4
-288.28	2.13626E-4
-287.872	3.66217E-4
-287.465	2.44144E-4
-287.058	3.0518E-4
-286.651	2.89921E-4
-286.244	2.59403E-4
-285.837	3.20439E-4
-285.429	2.89921E-4
-285.022	3.20439E-4
-284.615	4.42512E-4
-284.208	3.81476E-4
-283.801	3.20439E-4
-283.394	2.59403E-4
-282.986	2.74662E-4
-282.579	2.89921E-4
-282.172	2.74662E-4
-281.765	3.0518E-4
-281.358	3.96735E-4
-280.951	2.44144E-4
-280.543	3.0518E-4
-280.136	2.59403E-4
-279.729	3.35698E-4
-279.322	3.81476E-4
-278.915	3.35698E-4
-278.507	2.59403E-4
-278.1	2.74662E-4
-277.693	2.59403E-4
-277.286	2.13626E-4
-276.879	2.59403E-4
-276.472	3.35698E-4
-276.064	2.74662E-4
-275.657	2.13626E-4
-275.25	4.57771E-4
-274.843	2.13626E-4
-274.436	2.89921E-4
-274.029	2.13626E-4
-273.621	2.74662E-4
-273.214	3.81476E-4
-272.807	3.81476E-4
-272.4	3.35698E-4
-271.993	4.57771E-4
-271.585	1.83108E-4
-271.178	2.59403E-4
-270.771	1.98367E-4
-270.364	3.20439E-4
-269.957	2.59403E-4
-269.55	3.35698E-4
-269.142	2.74662E-4
-268.735	3.50958E-4
-268.328	2.89921E-4
-267.921	3.35698E-4
-267.514	3.0518E-4
-267.107	3.50958E-4
-266.699	3.35698E-4
-266.292	2.74662E-4
-265.885	2.74662E-4
-265.478	3.96735E-4
-265.071	3.96735E-4
-264.664	2.59403E-4
-264.256	2.89921E-4
-263.849	3.50958E-4
-263.442	4.42512E-4
-263.035	4.11994E-4
-262.628	3.81476E-4
-262.22	3.0518E-4
-261.813	2.74662E-4
-261.406	2.89921E-4
-260.999	2.59403E-4
-260.592	3.0518E-4
-260.185	2.59403E-4
-259.777	3.35698E-4
-259.37	2.89921E-4
-258.963	2.74662E-4
-258.556	2.44144E-4
-258.149	3.35698E-4
-257.742	2.13626E-4
-257.334	2.74662E-4
-256.927	2.59403E-4
-256.52	3.0518E-4
-256.113	1.67849E-4
-255.706	2.13626E-4
-255.299	2.13626E-4
-254.891	3.20439E-4
-254.484	2.44144E-4
-254.077	2.89921E-4
-253.67	1.67849E-4
-253.263	2.28885E-4
-252.855	2.13626E-4
-252.448	3.35698E-4
-252.041	2.74662E-4
-251.634	2.13626E-4
-251.227	3.50958E-4
-250.82	3.0518E-4
-250.412	3.20439E-4
-250.005	2.44144E-4
-249.598	2.74662E-4
-249.191	2.89921E-4
-248.784	2.89921E-4
-248.377	3.20439E-4
-247.969	2.44144E-4
-247.562	3.0518E-4
-247.155	2.44144E-4
-246.748	3.20439E-4
-246.341	3.20439E-4
-245.934	3.35698E-4
-245.526	3.35698E-4
-245.119	3.50958E-4
-244.712	3.35698E-4
-244.305	3.35698E-4
-243.898	3.50958E-4
-243.49	3.20439E-4
-243.083	2.89921E-4
-242.676	3.35698E-4
-242.269	3.50958E-4
-241.862	1.83108E-4
-241.455	2.44144E-4
-241.047	2.89921E-4
-240.64	2.59403E-4
-240.233	3.66217E-4
-239.826	2.59403E-4
-239.419	1.83108E-4
-239.012	4.42512E-4
-238.604	3.35698E-4
-238.197	2.74662E-4
-237.79	3.96735E-4
-237.383	2.59403E-4
-236.976	3.20439E-4
-236.569	3.20439E-4
-236.161	1.98367E-4
-235.754	3.35698E-4
-235.347	3.0518E-4
-234.94	3.0518E-4
-234.533	3.35698E-4
-234.125	4.7303E-4
-233.718	4.11994E-4
-233.311	2.59403E-4
-232.904	2.74662E-4
-232.497	3.0518E-4
-232.09	2.89921E-4
-231.682	3.35698E-4
-231.275	3.81476E-4
-230.868	3.20439E-4
-230.461	3.50958E-4
-230.054	3.96735E-4
-229.647	2.74662E-4
-229.239	1.98367E-4
-228.832	4.11994E-4
-228.425	2.28885E-4
-228.018	2.44144E-4
-227.611	3.0518E-4
-227.204	3.0518E-4
-226.796	4.11994E-4
-226.389	2.59403E-4
-225.982	2.89921E-4
-225.575	4.27253E-4
-225.168	2.59403E-4
-224.76	2.44144E-4
-224.353	2.74662E-4
-223.946	4.57771E-4
-223.539	3.35698E-4
-223.132	3.20439E-4
-222.725	2.89921E-4
-222.317	2.59403E-4
-221.91	2.44144E-4
-221.503	3.0518E-4
-221.096	2.59403E-4
-220.689	2.89921E-4
-220.282	3.20439E-4
-219.874	3.96735E-4
-219.467	3.20439E-4
-219.06	2.44144E-4
-218.653	3.50958E-4
-218.246	2.89921E-4
-217.838	3.20439E-4
-217.431	2.74662E-4
-217.024	2.59403E-4
-216.617	2.28885E-4
-216.21	1.37331E-4
-215.803	3.50958E-4
-215.395	2.59403E-4
-214.988	3.96735E-4
-214.581	3.81476E-4
-214.174	3.35698E-4
-213.767	3.20439E-4
-213.36	3.81476E-4
-212.952	1.98367E-4
-212.545	3.0518E-4
-212.138	2.89921E-4
-211.731	3.50958E-4
-211.324	4.27253E-4
-210.917	3.35698E-4
-210.509	2.74662E-4
-210.102	3.96735E-4
-209.695	4.57771E-4
-209.288	4.27253E-4
-208.881	2.28885E-4
-208.473	3.50958E-4
-208.066	4.42512E-4
-207.659	3.20439E-4
-207.252	2.89921E-4
-206.845	1.98367E-4
-206.438	2.74662E-4
-206.03	3.96735E-4
-205.623	2.13626E-4
-205.216	1.83108E-4
-204.809	2.59403E-4
-204.402	4.11994E-4
-203.995	4.57771E-4
-203.587	3.81476E-4
-203.18	3.0518E-4
-202.773	4.57771E-4
-202.366	1.83108E-4
-201.959	3.50958E-4
-201.552	2.74662E-4
-201.144	3.0518E-4
-200.737	1.98367E-4
-200.33	3.96735E-4
-199.923	1.83108E-4
-199.516	2.89921E-4
-199.108	1.98367E-4
-198.701	3.20439E-4
-198.294	3.20439E-4
-197.887	1.98367E-4
-197.48	3.81476E-4
-197.073	4.11994E-4
-196.665	3.66217E-4
-196.258	3.66217E-4
-195.851	3.50958E-4
-195.444	3.35698E-4
-195.037	3.50958E-4
-194.63	4.27253E-4
-194.222	2.44144E-4
-193.815	3.81476E-4
-193.408	3.0518E-4
-193.001	2.74662E-4
-192.594	3.50958E-4
-192.187	3.20439E-4
-191.779	2.28885E-4
-191.372	2.89921E-4
-190.965	4.11994E-4
-190.558	2.28885E-4
-190.151	1.98367E-4
-189.743	3.66217E-4
-189.336	3.50958E-4
-188.929	1.22072E-4
-188.522	3.20439E-4
-188.115	2.59403E-4
-187.708	2.89921E-4
-187.3	2.59403E-4
-186.893	3.66217E-4
-186.486	4.88289E-4
-186.079	2.59403E-4
-185.672	2.59403E-4
-185.265	2.89921E-4
-184.857	2.28885E-4
-184.45	3.81476E-4
-184.043	2.13626E-4
-183.636	3.66217E-4
-183.229	2.28885E-4
-182.822	2.74662E-4
-182.414	3.0518E-4
-182.007	2.44144E-4
-181.6	2.28885E-4
-181.193	3.81476E-4
-180.786	3.35698E-4
-180.378	1.5259E-4
-179.971	1.98367E-4
-179.564	3.66217E-4
-179.157	3.35698E-4
-178.75	2.59403E-4
-178.343	2.13626E-4
-177.935	3.81476E-4
-177.528	2.44144E-4
-177.121	3.35698E-4
-176.714	2.89921E-4
-176.307	2.89921E-4
-175.9	1.83108E-4
-175.492	2.44144E-4
-175.085	3.0518E-4
-174.678	1.67849E-4
-174.271	2.44144E-4
-173.864	1.98367E-4
-173.457	3.35698E-4
-173.049	2.44144E-4
-172.642	4.7303E-4
-172.235	3.35698E-4
-171.828	1.37331E-4
-171.421	2.59403E-4
-171.013	4.42512E-4
-170.606	2.13626E-4
-170.199	2.89921E-4
-169.792	3.0518E-4
-169.385	3.0518E-4
-168.978	2.59403E-4
-168.57	1.37331E-4
-168.163	4.11994E-4
-167.756	3.20439E-4
-167.349	1.83108E-4
-166.942	2.74662E-4
-166.535	3.96735E-4
-166.127	3.0518E-4
-165.72	4.42512E-4
-165.313	2.89921E-4
-164.906	3.81476E-4
-164.499	3.0518E-4
-164.091	2.74662E-4
-163.684	1.5259E-4
-163.277	1.98367E-4
-162.87	3.20439E-4
-162.463	2.89921E-4
-162.056	4.42512E-4
-161.648	2.74662E-4
-161.241	1.98367E-4
-160.834	2.13626E-4
-160.427	2.89921E-4
-160.02	3.66217E-4
-159.613	3.20439E-4
-159.205	2.28885E-4
-158.798	3.50958E-4
-158.391	3.35698E-4
-157.984	1.98367E-4
-157.577	2.28885E-4
-157.17	4.42512E-4
-156.762	2.44144E-4
-156.355	4.27253E-4
-155.948	2.13626E-4
-155.541	3.50958E-4
-155.134	1.83108E-4
-154.726	3.50958E-4
-154.319	1.83108E-4
-153.912	2.74662E-4
-153.505	2.74662E-4
-153.098	3.0518E-4
-152.691	3.0518E-4
-152.283	3.50958E-4
-151.876	2.89921E-4
-151.469	1.83108E-4
-151.062	3.50958E-4
-150.655	1.83108E-4
-150.248	4.11994E-4
-149.84	2.44144E-4
-149.433	3.66217E-4
-149.026	2.59403E-4
-148.619	3.50958E-4
-148.212	2.59403E-4
-147.805	1.83108E-4
-147.397	2.74662E-4
-146.99	2.89921E-4
-146.583	2.74662E-4
-146.176	2.89921E-4
-145.769	3.81476E-4
-145.361	3.0518E-4
-144.954	2.59403E-4
-144.547	3.96735E-4
-144.14	1.98367E-4
-143.733	2.59403E-4
-143.326	2.74662E-4
-142.918	2.44144E-4
-142.511	3.20439E-4
-142.104	2.59403E-4
-141.697	3.0518E-4
-141.29	2.13626E-4
-140.883	3.0518E-4
-140.475	3.81476E-4
-140.068	2.59403E-4
-139.661	1.98367E-4
-139.254	2.89921E-4
-138.847	4.11994E-4
-138.44	2.44144E-4
-138.032	2.89921E-4
-137.625	3.0518E-4
-137.218	3.35698E-4
-136.811	1.98367E-4
-136.404	3.0518E-4
-135.996	3.0518E-4
-135.589	1.5259E-4
-135.182	3.20439E-4
-134.775	2.59403E-4
-134.368	3.96735E-4
-133.961	1.83108E-4
-133.553	2.13626E-4
-133.146	3.20439E-4
-132.739	3.0518E-4
-132.332	3.35698E-4
-131.925	3.20439E-4
-131.518	3.20439E-4
-131.11	1.98367E-4
-130.703	3.35698E-4
-130.296	3.35698E-4
-129.889	2.28885E-4
-129.482	2.74662E-4
-129.075	2.28885E-4
-128.667	3.20439E-4
-128.26	4.11994E-4
-127.853	3.66217E-4
-127.446	3.20439E-4
-127.039	1.98367E-4
-126.631	3.50958E-4
-126.224	4.11994E-4
-125.817	2.28885E-4
-125.41	1.98367E-4
-125.003	3.81476E-4
-124.596	3.0518E-4
-124.188	3.20439E-4
-123.781	2.44144E-4
-123.374	3.20439E-4
-122.967	3.66217E-4
-122.56	2.28885E-4
-122.153	1.98367E-4
-121.745	3.66217E-4
-121.338	3.50958E-4
-120.931	3.96735E-4
-120.524	3.81476E-4
-120.117	2.89921E-4
-119.709	1.67849E-4
-119.302	2.89921E-4
-118.895	4.11994E-4
-118.488	2.74662E-4
-118.081	3.20439E-4
-117.674	4.27253E-4
-117.266	2.59403E-4
-116.859	3.66217E-4
-116.452	2.89921E-4
-116.045	2.89921E-4
-115.638	3.81476E-4
-115.231	2.74662E-4
-114.823	2.44144E-4
-114.416	3.81476E-4
-114.009	2.89921E-4
-113.602	1.67849E-4
-113.195	2.13626E-4
-112.788	3.66217E-4
-112.38	1.98367E-4
-111.973	1.98367E-4
-111.566	3.66217E-4
-111.159	4.57771E-4
-110.752	3.0518E-4
-110.344	3.20439E-4
-109.937	3.66217E-4
-109.53	2.59403E-4
-109.123	3.0518E-4
-108.716	3.0518E-4
-108.309	3.81476E-4
-107.901	4.11994E-4
-107.494	2.44144E-4
-107.087	3.81476E-4
-106.68	4.11994E-4
-106.273	3.20439E-4
-105.866	1.67849E-4
-105.458	3.35698E-4
-105.051	2.74662E-4
-104.644	1.83108E-4
-104.237	3.0518E-4
-103.83	3.66217E-4
-103.423	3.35698E-4
-103.015	4.42512E-4
-102.608	2.89921E-4
-102.201	3.81476E-4
-101.794	3.0518E-4
-101.387	3.35698E-4
-100.979	3.50958E-4
-100.572	2.89921E-4
-100.165	3.81476E-4
-99.758	2.44144E-4
-99.351	3.96735E-4
-98.944	3.0518E-4
-98.536	3.0518E-4
-98.129	2.13626E-4
-97.722	3.20439E-4
-97.315	2.74662E-4
-96.908	3.0518E-4
-96.501	3.0518E-4
-96.093	2.59403E-4
-95.686	2.59403E-4
-95.279	3.66217E-4
-94.872	3.66217E-4
-94.465	4.27253E-4
-94.058	2.44144E-4
-93.65	3.20439E-4
-93.243	2.28885E-4
-92.836	2.89921E-4
-92.429	3.20439E-4
-92.022	2.89921E-4
-91.614	3.20439E-4
-91.207	1.22072E-4
-90.8	4.11994E-4
-90.393	3.35698E-4
-89.986	3.0518E-4
-89.579	3.66217E-4
-89.171	3.20439E-4
-88.764	2.89921E-4
-88.357	2.74662E-4
-87.95	2.74662E-4
-87.543	2.89921E-4
-87.136	3.20439E-4
-86.728	2.74662E-4
-86.321	2.59403E-4
-85.914	2.28885E-4
-85.507	3.0518E-4
-85.1	2.44144E-4
-84.693	2.89921E-4
-84.285	2.89921E-4
-83.878	3.50958E-4
-83.471	3.81476E-4
-83.064	3.50958E-4
-82.657	3.81476E-4
-82.249	2.28885E-4
-81.842	2.74662E-4
-81.435	2.59403E-4
-81.028	3.81476E-4
-80.621	4.11994E-4
-80.214	3.50958E-4
-79.806	2.89921E-4
-79.399	2.44144E-4
-78.992	3.0518E-4
-78.585	2.74662E-4
-78.178	2.28885E-4
-77.771	2.44144E-4
-77.363	3.20439E-4
-76.956	3.50958E-4
-76.549	3.20439E-4
-76.142	3.50958E-4
-75.735	2.59403E-4
-75.328	1.67849E-4
-74.92	3.35698E-4
-74.513	3.20439E-4
-74.106	2.59403E-4
-73.699	2.89921E-4
-73.292	4.11994E-4
-72.884	2.28885E-4
-72.477	3.35698E-4
-72.07	4.88289E-4
-71.663	2.74662E-4
-71.256	4.11994E-4
-70.849	3.50958E-4
-70.441	4.11994E-4
-70.034	4.11994E-4
-69.627	2.59403E-4
-69.22	3.35698E-4
-68.813	3.0518E-4
-68.406	3.20439E-4
-67.998	3.35698E-4
-67.591	3.66217E-4
-67.184	3.50958E-4
-66.777	2.89921E-4
-66.37	3.66217E-4
-65.962	2.74662E-4
-65.555	3.0518E-4
-65.148	3.20439E-4
-64.741	3.35698E-4
-64.334	2.59403E-4
-63.927	3.96735E-4
-63.519	2.74662E-4
-63.112	1.98367E-4
-62.705	3.0518E-4
-62.298	3.35698E-4
-61.891	2.89921E-4
-61.484	3.0518E-4
-61.076	3.81476E-4
-60.669	2.59403E-4
-60.262	2.44144E-4
-59.855	2.59403E-4
-59.448	3.0518E-4
-59.041	3.96735E-4
-58.633	4.27253E-4
-58.226	4.27253E-4
-57.819	3.81476E-4
-57.412	4.11994E-4
-57.005	3.35698E-4
-56.597	2.74662E-4
-56.19	3.50958E-4
-55.783	3.20439E-4
-55.376	5.64584E-4
-54.969	3.96735E-4
-54.562	4.11994E-4
-54.154	5.03548E-4
-53.747	3.96735E-4
-53.34	4.27253E-4
-52.933	5.18807E-4
-52.526	3.81476E-4
-52.119	5.49325E-4
-51.711	7.32433E-4
-51.304	5.49325E-4
-50.897	5.49325E-4
-50.49	5.64584E-4
-50.083	5.64584E-4
-49.676	6.86656E-4
-49.268	6.2562E-4
-48.861	8.23987E-4
-48.454	8.39246E-4
-48.047	0.00101
-47.64	8.85023E-4
-47.232	7.7821E-4
-46.825	0.00101
-46.418	0.00105
-46.011	8.39246E-4
-45.604	0.00114
-45.197	0.00125
-44.789	0.00142
-44.382	0.0015
-43.975	0.00169
-43.568	0.00133
-43.161	0.00182
-42.754	0.00186
-42.346	0.00208
-41.939	0.00197
-41.532	0.00188
-41.125	0.00246
-40.718	0.00266
-40.311	0.00258
-39.903	0.00284
-39.496	0.00298
-39.089	0.0032
-38.682	0.00314
-38.275	0.00333
-37.867	0.00397
-37.46	0.00426
-37.053	0.00397
-36.646	0.00475
-36.239	0.00569
-35.832	0.00505
-35.424	0.00574
-35.017	0.00636
-34.61	0.00668
-34.203	0.00723
-33.796	0.00758
-33.389	0.00865
-32.981	0.00914
-32.574	0.01018
-32.167	0.01079
-31.76	0.0123
-31.353	0.01318
-30.946	0.01401
-30.538	0.01584
-30.131	0.01816
-29.724	0.01971
-29.317	0.02243
-28.91	0.02332
-28.502	0.02506
-28.095	0.02684
-27.688	0.03088
-27.281	0.03452
-26.874	0.0376
-26.467	0.04193
-26.059	0.04553
-25.652	0.0506
-25.245	0.05605
-24.838	0.06123
-24.431	0.06528
-24.024	0.07169
-23.616	0.07918
-23.209	0.08467
-22.802	0.09413
-22.395	0.10178
-21.988	0.11084
-21.58	0.11962
-21.173	0.13346
-20.766	0.14212
-20.359	0.15291
-19.952	0.16472
-19.545	0.17704
-19.137	0.19242
-18.73	0.20763
-18.323	0.2179
-17.916	0.23789
-17.509	0.25455
-17.102	0.26572
-16.694	0.29065
-16.287	0.30513
-15.88	0.3276
-15.473	0.34649
-15.066	0.36429
-14.659	0.38633
-14.251	0.40568
-13.844	0.42901
-13.437	0.45165
-13.03	0.47573
-12.623	0.49845
-12.215	0.51702
-11.808	0.54757
-11.401	0.57017
-10.994	0.59815
-10.587	0.61634
-10.18	0.63836
-9.772	0.65748
-9.365	0.6836
-8.958	0.7043
-8.551	0.72697
-8.144	0.74899
-7.737	0.77012
-7.329	0.79023
-6.922	0.81465
-6.515	0.83444
-6.108	0.8555
-5.701	0.86822
-5.294	0.88014
-4.886	0.90076
-4.479	0.90848
-4.072	0.93361
-3.665	0.94437
-3.258	0.95317
-2.85	0.96532
-2.443	0.97093
-2.036	0.97903
-1.629	0.9827
-1.222	0.98755
-0.815	0.99246
-0.407	0.98489
0	1
0.407	0.9879
0.814	0.99379
1.221	0.99132
1.628	0.97418
2.036	0.97374
2.443	0.96934
2.85	0.95868
3.257	0.942
3.664	0.93902
4.071	0.92656
4.479	0.91424
4.886	0.90414
5.293	0.89244
5.7	0.87268
6.107	0.85565
6.515	0.84703
6.922	0.82089
7.329	0.80763
7.736	0.79246
8.143	0.7725
8.55	0.75219
8.958	0.73477
9.365	0.71315
9.772	0.69773
10.179	0.67427
10.586	0.66006
10.993	0.63438
11.401	0.61942
11.808	0.59538
12.215	0.57839
12.622	0.5621
13.029	0.54214
13.436	0.52161
13.844	0.50611
14.251	0.48754
14.658	0.46798
15.065	0.45339
15.472	0.4356
15.88	0.41985
16.287	0.40237
16.694	0.39133
17.101	0.37374
17.508	0.35421
17.915	0.34484
18.323	0.3321
18.73	0.31812
19.137	0.30713
19.544	0.29279
19.951	0.28685
20.358	0.27092
20.766	0.25649
21.173	0.24845
21.58	0.23954
21.987	0.22876
22.394	0.21486
22.801	0.20691
23.209	0.19834
23.616	0.19074
24.023	0.18398
24.43	0.17726
24.837	0.16582
25.245	0.16077
25.652	0.15422
26.059	0.14697
26.466	0.13887
26.873	0.13434
27.28	0.12834
27.688	0.12322
28.095	0.11838
28.502	0.11283
28.909	0.10954
29.316	0.10294
29.723	0.10021
30.131	0.09445
30.538	0.09212
30.945	0.08879
31.352	0.08273
31.759	0.07816
32.167	0.07715
32.574	0.07311
32.981	0.06983
33.388	0.06764
33.795	0.06482
34.202	0.06384
34.61	0.05954
35.017	0.05826
35.424	0.05461
35.831	0.05222
36.238	0.05026
36.645	0.04869
37.053	0.04669
37.46	0.04399
37.867	0.04221
38.274	0.04263
38.681	0.04134
39.088	0.03709
39.496	0.03729
39.903	0.03571
40.31	0.03496
40.717	0.03317
41.124	0.03186
41.532	0.0305
41.939	0.03053
42.346	0.02741
42.753	0.0275
43.16	0.02577
43.567	0.02557
43.975	0.02614
44.382	0.02377
44.789	0.02228
45.196	0.0221
45.603	0.02141
46.01	0.01956
46.418	0.01971
46.825	0.0192
47.232	0.01878
47.639	0.01862
48.046	0.01791
48.453	0.01682
48.861	0.01567
49.268	0.01515
49.675	0.01538
50.082	0.01474
50.489	0.01425
50.897	0.01355
51.304	0.01337
51.711	0.01239
52.118	0.01247
52.525	0.01173
52.932	0.0112
53.34	0.01076
53.747	0.01129
54.154	0.01045
54.561	0.01086
54.968	0.00996
55.375	0.00943
55.783	0.00891
56.19	0.00995
56.597	0.00815
57.004	0.00827
57.411	0.00829
57.818	0.00871
58.226	0.00731
58.633	0.00728
59.04	0.00729
59.447	0.00764
59.854	0.0069
60.262	0.00676
60.669	0.00706
61.076	0.00703
61.483	0.00632
61.89	0.00607
62.297	0.00591
62.705	0.0051
63.112	0.00581
63.519	0.00557
63.926	0.00522
64.333	0.00487
64.74	0.00514
65.148	0.00472
65.555	0.0047
65.962	0.00475
66.369	0.00497
66.776	0.00453
67.183	0.00412
67.591	0.00441
67.998	0.0042
68.405	0.00427
68.812	0.0036
69.219	0.00391
69.627	0.00354
70.034	0.00339
70.441	0.00343
70.848	0.00372
71.255	0.00325
71.662	0.0033
72.07	0.00307
72.477	0.00342
72.884	0.00282
73.291	0.00298
73.698	0.00266
74.105	0.00294
74.513	0.00311
74.92	0.00275
75.327	0.00272
75.734	0.00275
76.141	0.00226
76.548	0.00258
76.956	0.00247
77.363	0.00227
77.77	0.0023
78.177	0.00212
78.584	0.00211
78.992	0.00212
79.399	0.00201
79.806	0.00215
80.213	0.00191
80.62	0.00194
81.027	0.00204
81.435	0.00162
81.842	0.00211
82.249	0.00189
82.656	0.00151
83.063	0.00177
83.47	0.00197
83.878	0.00148
84.285	0.0015
84.692	0.00177
85.099	0.00131
85.506	0.0014
85.914	0.00154
86.321	0.00151
86.728	0.00163
87.135	0.00136
87.542	0.00172
87.949	0.00145
88.357	0.00128
88.764	0.00143
89.171	0.00116
89.578	0.00159
89.985	0.00102
90.392	0.00148
90.8	8.08728E-4
91.207	0.00116
91.614	0.00117
92.021	0.00143
92.428	0.00111
92.835	0.00125
93.243	0.0013
93.65	9.76577E-4
94.057	0.00111
94.464	0.00122
94.871	9.61318E-4
95.279	0.00113
95.686	8.85023E-4
96.093	0.00102
96.5	9.61318E-4
96.907	9.308E-4
97.314	0.00113
97.722	9.76577E-4
98.129	0.00101
98.536	9.00282E-4
98.943	8.69764E-4
99.35	8.39246E-4
99.757	9.61318E-4
100.165	0.00101
100.572	8.69764E-4
100.979	6.71397E-4
101.386	7.01915E-4
101.793	0.00111
102.2	9.00282E-4
102.608	8.23987E-4
103.015	6.71397E-4
103.422	8.85023E-4
103.829	8.08728E-4
104.236	9.308E-4
104.644	7.01915E-4
105.051	9.00282E-4
105.458	7.7821E-4
105.865	7.17174E-4
106.272	6.40879E-4
106.679	6.2562E-4
107.087	6.10361E-4
107.494	7.93469E-4
107.901	6.71397E-4
108.308	6.10361E-4
108.715	4.7303E-4
109.122	6.86656E-4
109.53	7.7821E-4
109.937	7.32433E-4
110.344	5.49325E-4
110.751	7.47692E-4
111.158	7.47692E-4
111.565	5.95102E-4
111.973	7.01915E-4
112.38	5.79843E-4
112.787	5.79843E-4
113.194	5.03548E-4
113.601	6.40879E-4
114.009	7.32433E-4
114.416	6.40879E-4
114.823	6.56138E-4
115.23	7.01915E-4
115.637	7.32433E-4
116.044	6.56138E-4
116.452	5.34066E-4
116.859	5.34066E-4
117.266	6.40879E-4
117.673	7.17174E-4
118.08	6.71397E-4
118.487	6.40879E-4
118.895	7.47692E-4
119.302	5.34066E-4
119.709	5.95102E-4
120.116	7.32433E-4
120.523	5.64584E-4
120.93	5.95102E-4
121.338	4.27253E-4
121.745	7.62951E-4
122.152	6.71397E-4
122.559	6.10361E-4
122.966	5.34066E-4
123.374	5.95102E-4
123.781	4.27253E-4
124.188	3.96735E-4
124.595	5.03548E-4
125.002	4.7303E-4
125.409	6.10361E-4
125.817	4.11994E-4
126.224	4.57771E-4
126.631	4.57771E-4
127.038	5.03548E-4
127.445	4.42512E-4
127.852	5.64584E-4
128.26	5.49325E-4
128.667	4.57771E-4
129.074	5.34066E-4
129.481	4.7303E-4
129.888	6.10361E-4
130.296	5.49325E-4
130.703	5.34066E-4
131.11	3.81476E-4
131.517	5.79843E-4
131.924	3.81476E-4
132.331	4.57771E-4
132.739	4.88289E-4
133.146	5.64584E-4
133.553	5.64584E-4
133.96	3.50958E-4
134.367	6.86656E-4
134.774	3.81476E-4
135.182	6.2562E-4
135.589	4.11994E-4
135.996	4.11994E-4
136.403	4.42512E-4
136.81	2.28885E-4
137.217	3.35698E-4
137.625	4.57771E-4
138.032	5.03548E-4
138.439	4.88289E-4
138.846	5.79843E-4
139.253	4.88289E-4
139.661	4.57771E-4
140.068	5.49325E-4
140.475	3.20439E-4
140.882	4.11994E-4
141.289	3.20439E-4
141.696	5.03548E-4
142.104	3.0518E-4
142.511	4.88289E-4
142.918	4.7303E-4
143.325	3.35698E-4
143.732	3.50958E-4
144.139	5.03548E-4
144.547	3.66217E-4
144.954	4.7303E-4
145.361	3.50958E-4
145.768	3.66217E-4
146.175	4.57771E-4
146.582	4.11994E-4
146.99	3.50958E-4
147.397	4.42512E-4
147.804	4.42512E-4
148.211	5.18807E-4
148.618	3.0518E-4
149.026	4.88289E-4
149.433	4.7303E-4
149.84	4.88289E-4
150.247	4.27253E-4
150.654	5.34066E-4
151.061	4.42512E-4
151.469	3.66217E-4
151.876	5.49325E-4
152.283	2.89921E-4
152.69	3.81476E-4
153.097	4.88289E-4
153.504	3.50958E-4
153.912	3.81476E-4
154.319	4.42512E-4
154.726	2.13626E-4
155.133	3.81476E-4
155.54	5.64584E-4
155.947	3.96735E-4
156.355	2.28885E-4
156.762	4.57771E-4
157.169	4.11994E-4
157.576	3.50958E-4
157.983	2.74662E-4
158.391	3.20439E-4
158.798	3.66217E-4
159.205	3.81476E-4
159.612	2.89921E-4
160.019	4.57771E-4
160.426	4.42512E-4
160.834	3.0518E-4
161.241	4.42512E-4
161.648	3.0518E-4
162.055	4.27253E-4
162.462	3.0518E-4
162.869	2.74662E-4
163.277	3.81476E-4
163.684	3.81476E-4
164.091	5.03548E-4
164.498	3.0518E-4
164.905	3.66217E-4
165.312	4.27253E-4
165.72	3.35698E-4
166.127	4.57771E-4
166.534	3.20439E-4
166.941	3.66217E-4
167.348	3.20439E-4
167.756	4.27253E-4
168.163	4.27253E-4
168.57	4.42512E-4
168.977	3.50958E-4
169.384	3.35698E-4
169.791	2.74662E-4
170.199	3.35698E-4
170.606	3.50958E-4
171.013	4.11994E-4
171.42	3.20439E-4
171.827	2.13626E-4
172.234	3.96735E-4
172.642	3.35698E-4
173.049	3.20439E-4
173.456	4.11994E-4
173.863	3.96735E-4
174.27	3.66217E-4
174.677	3.66217E-4
175.085	3.20439E-4
175.492	3.20439E-4
175.899	3.50958E-4
176.306	4.7303E-4
176.713	2.74662E-4
177.121	3.96735E-4
177.528	3.50958E-4
177.935	4.57771E-4
178.342	4.42512E-4
178.749	2.13626E-4
179.156	2.74662E-4
179.564	3.50958E-4
179.971	4.57771E-4
180.378	3.0518E-4
180.785	2.74662E-4
181.192	3.96735E-4
181.599	4.27253E-4
182.007	3.35698E-4
182.414	3.0518E-4
182.821	3.81476E-4
183.228	4.27253E-4
183.635	5.34066E-4
184.043	3.96735E-4
184.45	3.81476E-4
184.857	3.50958E-4
185.264	2.13626E-4
185.671	3.35698E-4
186.078	4.11994E-4
186.486	3.66217E-4
186.893	2.74662E-4
187.3	2.89921E-4
187.707	3.66217E-4
188.114	2.74662E-4
188.521	5.03548E-4
188.929	3.20439E-4
189.336	2.74662E-4
189.743	4.11994E-4
190.15	2.89921E-4
190.557	2.59403E-4
190.964	4.7303E-4
191.372	3.66217E-4
191.779	3.20439E-4
192.186	3.66217E-4
192.593	3.20439E-4
193	2.59403E-4
193.408	5.03548E-4
193.815	2.89921E-4
194.222	3.96735E-4
194.629	3.0518E-4
195.036	1.83108E-4
195.443	4.42512E-4
195.851	3.35698E-4
196.258	4.57771E-4
196.665	4.11994E-4
197.072	3.20439E-4
197.479	3.66217E-4
197.886	4.7303E-4
198.294	4.42512E-4
198.701	4.57771E-4
199.108	3.81476E-4
199.515	4.57771E-4
199.922	3.50958E-4
200.329	4.11994E-4
200.737	4.27253E-4
201.144	4.27253E-4
201.551	3.35698E-4
201.958	4.42512E-4
202.365	4.11994E-4
202.773	4.7303E-4
203.18	4.11994E-4
203.587	4.42512E-4
203.994	4.11994E-4
204.401	5.18807E-4
204.808	2.89921E-4
205.216	3.66217E-4
205.623	4.7303E-4
206.03	2.74662E-4
206.437	3.20439E-4
206.844	3.35698E-4
207.251	4.57771E-4
207.659	4.27253E-4
208.066	4.57771E-4
208.473	2.89921E-4
208.88	2.89921E-4
209.287	3.35698E-4
209.694	2.28885E-4
210.102	4.27253E-4
210.509	3.0518E-4
210.916	2.89921E-4
211.323	3.20439E-4
211.73	3.35698E-4
212.138	2.59403E-4
212.545	3.35698E-4
212.952	4.11994E-4
213.359	3.35698E-4
213.766	3.96735E-4
214.173	3.0518E-4
214.581	2.89921E-4
214.988	1.98367E-4
215.395	3.35698E-4
215.802	2.44144E-4
216.209	3.66217E-4
216.616	3.20439E-4
217.024	4.27253E-4
217.431	2.74662E-4
217.838	1.98367E-4
218.245	3.50958E-4
218.652	1.98367E-4
219.059	1.67849E-4
219.467	2.44144E-4
219.874	2.59403E-4
220.281	2.89921E-4
220.688	2.89921E-4
221.095	2.89921E-4
221.503	2.89921E-4
221.91	3.66217E-4
222.317	2.44144E-4
222.724	2.13626E-4
223.131	3.96735E-4
223.538	3.0518E-4
223.946	1.5259E-4
224.353	2.59403E-4
224.76	1.83108E-4
225.167	3.81476E-4
225.574	3.0518E-4
225.981	4.27253E-4
226.389	3.50958E-4
226.796	2.28885E-4
227.203	4.7303E-4
227.61	3.0518E-4
228.017	3.96735E-4
228.424	3.50958E-4
228.832	2.59403E-4
229.239	2.59403E-4
229.646	2.13626E-4
230.053	3.96735E-4
230.46	3.96735E-4
230.868	2.28885E-4
231.275	2.89921E-4
231.682	3.20439E-4
232.089	2.89921E-4
232.496	3.35698E-4
232.903	3.50958E-4
233.311	3.0518E-4
233.718	2.59403E-4
234.125	2.44144E-4
234.532	2.74662E-4
234.939	3.35698E-4
235.346	3.81476E-4
235.754	2.59403E-4
236.161	3.50958E-4
236.568	2.89921E-4
236.975	3.20439E-4
237.382	3.0518E-4
237.79	2.89921E-4
238.197	3.35698E-4
238.604	2.74662E-4
239.011	3.66217E-4
239.418	2.28885E-4
239.825	3.35698E-4
240.233	3.66217E-4
240.64	3.35698E-4
241.047	2.59403E-4
241.454	3.0518E-4
241.861	2.44144E-4
242.268	2.44144E-4
242.676	2.89921E-4
243.083	3.35698E-4
243.49	1.98367E-4
243.897	3.66217E-4
244.304	1.98367E-4
244.711	2.74662E-4
245.119	1.5259E-4
245.526	1.83108E-4
245.933	3.96735E-4
246.34	3.20439E-4
246.747	2.59403E-4
247.155	3.0518E-4
247.562	2.59403E-4
247.969	2.28885E-4
248.376	3.50958E-4
248.783	2.44144E-4
249.19	3.0518E-4
249.598	1.98367E-4
250.005	2.89921E-4
250.412	3.20439E-4
250.819	3.35698E-4
251.226	2.59403E-4
251.633	1.98367E-4
252.041	4.7303E-4
252.448	2.59403E-4
252.855	3.50958E-4
253.262	2.89921E-4
253.669	1.83108E-4
254.076	3.20439E-4
254.484	3.20439E-4
254.891	3.0518E-4
255.298	3.0518E-4
255.705	2.89921E-4
256.112	2.28885E-4
256.52	1.83108E-4
256.927	3.50958E-4
257.334	2.44144E-4
257.741	3.0518E-4
258.148	2.28885E-4
258.555	3.0518E-4
258.963	3.0518E-4
259.37	2.59403E-4
259.777	1.98367E-4
260.184	1.83108E-4
260.591	3.0518E-4
260.998	2.74662E-4
261.406	3.50958E-4
261.813	2.44144E-4
262.22	1.67849E-4
262.627	2.13626E-4
263.034	1.22072E-4
263.441	3.35698E-4
263.849	3.20439E-4
264.256	1.98367E-4
264.663	2.59403E-4
265.07	2.28885E-4
265.477	1.06813E-4
265.885	2.59403E-4
266.292	2.44144E-4
266.699	3.35698E-4
267.106	3.20439E-4
267.513	3.50958E-4
267.92	3.50958E-4
268.328	2.74662E-4
268.735	2.28885E-4
269.142	3.81476E-4
269.549	3.50958E-4
269.956	2.28885E-4
270.363	2.44144E-4
270.771	2.44144E-4
271.178	2.13626E-4
271.585	2.44144E-4
271.992	3.81476E-4
272.399	3.0518E-4
272.806	1.98367E-4
273.214	3.0518E-4
273.621	3.0518E-4
274.028	3.66217E-4
274.435	1.83108E-4
274.842	2.59403E-4
275.25	3.35698E-4
275.657	3.0518E-4
276.064	3.35698E-4
276.471	2.13626E-4
276.878	3.0518E-4
277.285	3.35698E-4
277.693	3.50958E-4
278.1	2.28885E-4
278.507	3.0518E-4
278.914	3.81476E-4
279.321	1.83108E-4
279.728	2.13626E-4
280.136	2.44144E-4
280.543	2.89921E-4
280.95	2.74662E-4
281.357	3.20439E-4
281.764	2.89921E-4
282.172	2.89921E-4
282.579	1.83108E-4
282.986	3.0518E-4
283.393	1.83108E-4
283.8	3.35698E-4
284.207	2.44144E-4
284.615	2.74662E-4
285.022	3.50958E-4
285.429	3.35698E-4
285.836	3.20439E-4
286.243	3.0518E-4
286.65	3.20439E-4
287.058	2.44144E-4
287.465	2.74662E-4
287.872	3.50958E-4
288.279	3.20439E-4
288.686	3.35698E-4
289.093	3.50958E-4
289.501	2.44144E-4
289.908	2.44144E-4
290.315	3.50958E-4
290.722	2.13626E-4
291.129	4.88289E-4
291.537	2.74662E-4
291.944	3.66217E-4
292.351	2.74662E-4
292.758	3.66217E-4
293.165	3.66217E-4
293.572	3.20439E-4
293.98	1.98367E-4
294.387	2.59403E-4
294.794	2.89921E-4
295.201	3.35698E-4
295.608	2.28885E-4
296.015	3.81476E-4
296.423	2.89921E-4
296.83	1.67849E-4
297.237	2.89921E-4
297.644	2.44144E-4
298.051	2.74662E-4
298.458	2.13626E-4
298.866	3.50958E-4
299.273	3.35698E-4
299.68	2.44144E-4
300.087	3.20439E-4
300.494	2.59403E-4
300.902	3.35698E-4
301.309	3.66217E-4
301.716	1.98367E-4
302.123	3.20439E-4
302.53	2.59403E-4
302.937	2.74662E-4
303.345	1.98367E-4
303.752	2.74662E-4
304.159	1.67849E-4
304.566	3.20439E-4
304.973	4.27253E-4
305.38	3.20439E-4
305.788	2.13626E-4
306.195	3.81476E-4
306.602	4.7303E-4
307.009	3.35698E-4
307.416	1.83108E-4
307.823	3.81476E-4
308.231	3.96735E-4
308.638	2.44144E-4
309.045	2.59403E-4
309.452	3.66217E-4
309.859	3.20439E-4
310.267	2.59403E-4
310.674	1.98367E-4
311.081	2.59403E-4
311.488	2.59403E-4
311.895	2.28885E-4
312.302	2.28885E-4
312.71	2.28885E-4
313.117	3.35698E-4
313.524	4.57771E-4
313.931	2.74662E-4
314.338	2.59403E-4
314.745	3.0518E-4
315.153	2.89921E-4
315.56	2.74662E-4
315.967	3.20439E-4
316.374	2.13626E-4
316.781	3.50958E-4
317.188	4.27253E-4
317.596	3.20439E-4
318.003	3.20439E-4
318.41	3.0518E-4
318.817	2.28885E-4
319.224	2.13626E-4
319.632	3.66217E-4
320.039	3.50958E-4
320.446	3.20439E-4
320.853	2.89921E-4
321.26	3.0518E-4
321.667	3.20439E-4
322.075	4.27253E-4
322.482	2.13626E-4
322.889	3.20439E-4
323.296	3.35698E-4
323.703	2.89921E-4
324.11	2.74662E-4
324.518	3.81476E-4
324.925	3.20439E-4
325.332	2.59403E-4
325.739	4.27253E-4
326.146	2.59403E-4
326.553	1.67849E-4
326.961	3.50958E-4
327.368	3.0518E-4
327.775	2.59403E-4
328.182	3.66217E-4
328.589	3.0518E-4
328.997	3.20439E-4
329.404	3.20439E-4
329.811	2.59403E-4
330.218	3.50958E-4
330.625	3.35698E-4
331.032	3.20439E-4
331.44	2.59403E-4
331.847	2.13626E-4
332.254	1.98367E-4
332.661	2.13626E-4
333.068	3.0518E-4
333.475	3.35698E-4
333.883	2.28885E-4
334.29	3.20439E-4
334.697	1.98367E-4
335.104	4.27253E-4
335.511	3.50958E-4
335.919	3.20439E-4
336.326	2.74662E-4
336.733	2.74662E-4
337.14	3.0518E-4
337.547	3.0518E-4
337.954	4.11994E-4
338.362	2.59403E-4
338.769	3.96735E-4
339.176	3.0518E-4
339.583	2.13626E-4
339.99	4.42512E-4
340.397	3.66217E-4
340.805	2.89921E-4
341.212	4.11994E-4
341.619	3.35698E-4
342.026	2.59403E-4
342.433	3.50958E-4
342.84	3.0518E-4
343.248	2.89921E-4
343.655	3.50958E-4
344.062	2.44144E-4
344.469	3.0518E-4
344.876	1.67849E-4
345.284	4.11994E-4
345.691	3.20439E-4
346.098	1.98367E-4
346.505	2.59403E-4
346.912	3.0518E-4
347.319	3.66217E-4
347.727	2.44144E-4
348.134	3.66217E-4
348.541	3.20439E-4
348.948	2.28885E-4
349.355	3.50958E-4
349.762	3.20439E-4
350.17	2.44144E-4
350.577	3.81476E-4
350.984	1.83108E-4
351.391	3.66217E-4
351.798	2.59403E-4
352.205	3.35698E-4
352.613	2.89921E-4
353.02	3.35698E-4
353.427	2.59403E-4
353.834	3.0518E-4
354.241	3.20439E-4
354.649	1.5259E-4
355.056	3.50958E-4
355.463	1.67849E-4
355.87	3.50958E-4
356.277	2.13626E-4
356.684	2.44144E-4
357.092	2.74662E-4
357.499	3.35698E-4
357.906	3.0518E-4
358.313	2.28885E-4
358.72	3.20439E-4
359.127	3.20439E-4
359.535	4.27253E-4
359.942	3.20439E-4
360.349	3.20439E-4
360.756	3.20439E-4
361.163	2.74662E-4
361.57	3.20439E-4
361.978	2.28885E-4
362.385	3.35698E-4
362.792	4.27253E-4
363.199	3.0518E-4
363.606	3.35698E-4
364.014	3.66217E-4
364.421	3.50958E-4
364.828	2.59403E-4
365.235	3.20439E-4
365.642	4.11994E-4
366.049	3.0518E-4
366.457	1.98367E-4
366.864	3.66217E-4
367.271	4.88289E-4
367.678	2.28885E-4
368.085	2.59403E-4
368.492	1.83108E-4
368.9	4.42512E-4
369.307	3.35698E-4
369.714	2.89921E-4
370.121	1.98367E-4
370.528	3.66217E-4
370.935	5.03548E-4
371.343	2.28885E-4
371.75	2.28885E-4
372.157	2.28885E-4
372.564	1.98367E-4
372.971	1.83108E-4
373.379	2.74662E-4
373.786	4.57771E-4
374.193	2.13626E-4
374.6	3.20439E-4
375.007	3.20439E-4
375.414	3.81476E-4
375.822	2.44144E-4
376.229	2.74662E-4
376.636	4.11994E-4
377.043	2.13626E-4
377.45	2.28885E-4
377.857	2.44144E-4
378.265	3.35698E-4
378.672	2.89921E-4
379.079	1.98367E-4
379.486	2.59403E-4
379.893	3.20439E-4
380.301	3.35698E-4
380.708	3.35698E-4
381.115	2.59403E-4
381.522	2.74662E-4
381.929	3.0518E-4
382.336	2.44144E-4
382.744	3.0518E-4
383.151	2.89921E-4
383.558	3.35698E-4
383.965	3.20439E-4
384.372	3.66217E-4
384.779	4.11994E-4
385.187	4.27253E-4
385.594	2.89921E-4
386.001	4.57771E-4
386.408	3.66217E-4
386.815	4.11994E-4
387.222	3.66217E-4
387.63	1.98367E-4
388.037	2.74662E-4
388.444	2.89921E-4
388.851	3.35698E-4
389.258	3.50958E-4
389.666	3.0518E-4
390.073	3.35698E-4
390.48	2.89921E-4
390.887	2.28885E-4
391.294	2.44144E-4
391.701	4.11994E-4
392.109	4.11994E-4
392.516	3.0518E-4
392.923	3.20439E-4
393.33	2.59403E-4
393.737	3.35698E-4
394.144	1.5259E-4
394.552	4.11994E-4
394.959	2.44144E-4
395.366	2.59403E-4
395.773	2.89921E-4
396.18	2.59403E-4
396.587	2.13626E-4
396.995	2.59403E-4
397.402	3.66217E-4
397.809	3.50958E-4
398.216	3.0518E-4
398.623	3.0518E-4
399.031	3.20439E-4
399.438	2.89921E-4
399.845	3.35698E-4
400.252	2.59403E-4
400.659	3.50958E-4
401.066	3.35698E-4
401.474	3.66217E-4
401.881	3.20439E-4
402.288	2.13626E-4
402.695	3.96735E-4
403.102	3.66217E-4
403.509	2.89921E-4
403.917	1.98367E-4
404.324	3.50958E-4
404.731	3.20439E-4
405.138	2.13626E-4
405.545	4.11994E-4
405.952	3.50958E-4
406.36	3.0518E-4
406.767	3.66217E-4
407.174	3.20439E-4
407.581	3.81476E-4
407.988	2.89921E-4
408.396	3.96735E-4
408.803	2.74662E-4
409.21	2.59403E-4
409.617	2.13626E-4
410.024	2.44144E-4
410.431	4.42512E-4
410.839	2.89921E-4
411.246	2.28885E-4
411.653	3.35698E-4
412.06	2.59403E-4
412.467	2.74662E-4
412.874	2.28885E-4
413.282	2.89921E-4
413.689	2.89921E-4
414.096	2.74662E-4
414.503	1.67849E-4
414.91	2.74662E-4
415.317	2.59403E-4
415.725	2.74662E-4
416.132	2.44144E-4
416.539	3.81476E-4
416.946	2.28885E-4
417.353	2.74662E-4
417.761	4.27253E-4
418.168	3.35698E-4
418.575	2.44144E-4
418.982	2.28885E-4
419.389	3.96735E-4
419.796	3.35698E-4
420.204	3.96735E-4
420.611	4.11994E-4
421.018	2.74662E-4
421.425	3.35698E-4
421.832	2.59403E-4
422.239	2.28885E-4
422.647	1.83108E-4
423.054	1.98367E-4
423.461	1.98367E-4
423.868	3.20439E-4
424.275	3.20439E-4
424.682	1.98367E-4
425.09	3.20439E-4
425.497	2.89921E-4
425.904	4.27253E-4
426.311	4.7303E-4
426.718	3.0518E-4
427.126	3.81476E-4
427.533	2.89921E-4
427.94	3.66217E-4
428.347	3.50958E-4
428.754	2.59403E-4
429.161	2.28885E-4
429.569	2.74662E-4
429.976	4.11994E-4
430.383	3.35698E-4
430.79	3.20439E-4
431.197	3.0518E-4
431.604	2.89921E-4
432.012	3.35698E-4
432.419	3.35698E-4
432.826	4.57771E-4
433.233	2.89921E-4
433.64	2.89921E-4
434.048	2.44144E-4
434.455	3.20439E-4
434.862	3.20439E-4
435.269	3.50958E-4
435.676	3.50958E-4
436.083	1.37331E-4
436.491	2.74662E-4
436.898	3.0518E-4
437.305	3.0518E-4
437.712	3.81476E-4
438.119	3.81476E-4
438.526	3.0518E-4
438.934	3.50958E-4
439.341	3.66217E-4
439.748	2.59403E-4
440.155	3.20439E-4
440.562	3.20439E-4
440.969	2.74662E-4
441.377	2.74662E-4
441.784	4.27253E-4
442.191	3.50958E-4
442.598	3.20439E-4
443.005	5.18807E-4
443.413	3.96735E-4
443.82	2.13626E-4
444.227	3.35698E-4
444.634	3.66217E-4
445.041	2.89921E-4
445.448	2.59403E-4
445.856	4.57771E-4
446.263	3.96735E-4
446.67	3.0518E-4
447.077	3.20439E-4
447.484	4.27253E-4
447.891	3.81476E-4
448.299	3.81476E-4
448.706	3.66217E-4
449.113	1.06813E-4
449.52	3.66217E-4
449.927	2.74662E-4
450.334	3.66217E-4
450.742	3.50958E-4
451.149	2.89921E-4
451.556	2.74662E-4
451.963	3.50958E-4
452.37	3.96735E-4
452.778	3.66217E-4
453.185	4.42512E-4
453.592	3.66217E-4
453.999	2.44144E-4
454.406	3.0518E-4
454.813	4.11994E-4
455.221	4.27253E-4
455.628	2.89921E-4
456.035	3.81476E-4
456.442	4.57771E-4
456.849	3.96735E-4
457.256	4.7303E-4
457.664	3.0518E-4
458.071	4.88289E-4
458.478	2.59403E-4
458.885	3.20439E-4
459.292	3.50958E-4
459.699	2.28885E-4
460.107	2.28885E-4
460.514	3.20439E-4
460.921	2.28885E-4
461.328	3.0518E-4
461.735	2.44144E-4
462.143	3.50958E-4
462.55	3.50958E-4
462.957	3.20439E-4
463.364	3.20439E-4
463.771	3.35698E-4
464.178	3.20439E-4
464.586	3.50958E-4
464.993	3.96735E-4
465.4	4.88289E-4
465.807	2.59403E-4
466.214	3.35698E-4
466.621	3.66217E-4
467.029	3.66217E-4
467.436	3.81476E-4
467.843	0
468.25	0
468.657	0
469.064	0
469.472	0
469.879	0
470.286	0
470.693	0
471.1	0
471.508	0
471.915	0
472.322	0
472.729	0
473.136	0
473.543	0
473.951	0
474.358	0
474.765	0
475.172	0
475.579	0
475.986	0
476.394	0
476.801	0
477.208	0
477.615	0
478.022	0
478.429	0
478.837	0
479.244	0
479.651	0
480.058	0
480.465	0
480.873	0
481.28	0
481.687	0
482.094	0
482.501	0
482.908	0
483.316	0
483.723	0
484.13	0
484.537	0
484.944	0
485.351	0
485.759	0
486.166	0
486.573	0
486.98	0
487.387	0
487.795	0
488.202	0
488.609	0
489.016	0
489.423	0
489.83	0
490.238	0
490.645	0
491.052	0
491.459	0
491.866	0
492.273	0
492.681	0
493.088	0
493.495	0
493.902	0
494.309	0
494.716	0
495.124	0
495.531	0
495.938	0
496.345	0
496.752	0
497.16	0
497.567	0
497.974	0
498.381	0
498.788	0
499.195	0
499.603	0
500.01	0
500.417	0
500.824	0
501.231	0
501.638	0
502.046	0
502.453	0
502.86	0
503.267	0
503.674	0
504.081	0
504.489	0
504.896	0
505.303	0
505.71	0
506.117	0
506.525	0
506.932	0
507.339	0
507.746	0
508.153	0
508.56	0
508.968	0
509.375	0
509.782	0
510.189	0
510.596	0
511.003	0
511.411	0
511.818	0
512.225	0
512.632	0
513.039	0
513.446	0
513.854	0
514.261	0
514.668	0
515.075	0
515.482	0
515.89	0
516.297	0
516.704	0
517.111	0
517.518	0
517.925	0
518.333	0
518.74	0
519.147	0
519.554	0
519.961	0
520.368	0
520.776	0
521.183	0
521.59	0
521.997	0
522.404	0
522.811	0
523.219	0
523.626	0
524.033	0
524.44	0
524.847	0
525.255	0
525.662	0
526.069	0
526.476	0
526.883	0
527.29	0
527.698	0
528.105	0
528.512	0
528.919	0
529.326	0
529.733	0
530.141	0
530.548	0
530.955	0
531.362	0
531.769	0
532.177	0
532.584	0
532.991	0
533.398	0
533.805	0
534.212	0
534.62	0
535.027	0
535.434	0
535.841	0
536.248	0
536.655	0
537.063	0
537.47	0
537.877	0
538.284	0
538.691	0
539.098	0
539.506	0
539.913	0
540.32	0
540.727	0
541.134	0
541.542	0
541.949	0
542.356	0
542.763	0
543.17	0
543.577	0
543.985	0
544.392	0
544.799	0
545.206	0
545.613	0
546.02	0
546.428	0
546.835	0
547.242	0
547.649	0
548.056	0
548.463	0
548.871	0
549.278	0
549.685	0
550.092	0
550.499	0
550.907	0
551.314	0
551.721	0
552.128	0
552.535	0
552.942	0
553.35	0
553.757	0
554.164	0
554.571	0
554.978	0
555.385	0
555.793	0
556.2	0
556.607	0
557.014	0
557.421	0
557.828	0
558.236	0
558.643	0
559.05	0
559.457	0
559.864	0
560.272	0
560.679	0
561.086	0
561.493	0
561.9	0
562.307	0
562.715	0
563.122	0
563.529	0
563.936	0
564.343	0
564.75	0
565.158	0
